0 0.028846153846153848 0.48197115384615385 0.057692307692307696 0.31971153846153844
0 0.06009615384615385 0.46033653846153844 0.05048076923076923 0.25961538461538464
0 0.31009615384615385 0.4182692307692308 0.06370192307692307 0.4110576923076923
0 0.31850961538461536 0.5216346153846154 0.055288461538461536 0.5072115384615384
0 0.39302884615384615 0.5925480769230769 0.15384615384615385 0.6478365384615384
0 0.39783653846153844 0.46875 0.039663461538461536 0.3233173076923077
0 0.5228365384615384 0.515625 0.12740384615384615 0.7512019230769231
0 0.6310096153846154 0.42908653846153844 0.09975961538461539 0.3401442307692308
0 0.8497596153846154 0.7091346153846154 0.2956730769230769 0.5769230769230769
0 0.8064903846153846 0.2932692307692308 0.08653846153846154 0.28846153846153844
0 0.9050480769230769 0.44711538461538464 0.14423076923076922 0.3918269230769231
0 0.9651442307692307 0.35216346153846156 0.06490384615384616 0.4831730769230769