0 0.3425480769230769 0.40024038461538464 0.6850961538461539 0.06009615384615385
0 0.040865384615384616 0.47596153846153844 0.027644230769230768 0.0733173076923077
0 0.0625 0.46875 0.027644230769230768 0.0889423076923077
0 0.09014423076923077 0.46274038461538464 0.027644230769230768 0.08173076923076923
0 0.11177884615384616 0.46033653846153844 0.038461538461538464 0.08653846153846154
0 0.19110576923076922 0.4543269230769231 0.01201923076923077 0.07572115384615384
0 0.21153846153846154 0.44711538461538464 0.025240384615384616 0.09134615384615384
0 0.23677884615384615 0.43990384615384615 0.037259615384615384 0.09495192307692307
0 0.27403846153846156 0.44471153846153844 0.04447115384615385 0.07451923076923077
0 0.3137019230769231 0.4375 0.025240384615384616 0.09975961538461539
0 0.3449519230769231 0.4338942307692308 0.037259615384615384 0.09014423076923077
0 0.46033653846153844 0.4266826923076923 0.08413461538461539 0.09735576923076923
0 0.5492788461538461 0.4206730769230769 0.037259615384615384 0.09014423076923077
0 0.5757211538461539 0.41586538461538464 0.038461538461538464 0.0889423076923077
0 0.6033653846153846 0.41346153846153844 0.02403846153846154 0.08173076923076923