0 0.1201923076923077 0.26322115384615385 0.2403846153846154 0.25961538461538464
0 0.14302884615384615 0.6670673076923077 0.055288461538461536 0.06129807692307692
0 0.20432692307692307 0.8004807692307693 0.09615384615384616 0.052884615384615384
0 0.2548076923076923 0.43990384615384615 0.11658653846153846 0.09615384615384616
0 0.37740384615384615 0.20552884615384615 0.23798076923076922 0.27403846153846156
0 0.3016826923076923 0.5841346153846154 0.0733173076923077 0.09375
0 0.49158653846153844 0.5108173076923077 0.15264423076923078 0.18389423076923078
0 0.6514423076923077 0.9230769230769231 0.11538461538461539 0.12740384615384615
0 0.7463942307692307 0.6298076923076923 0.056490384615384616 0.06971153846153846
0 0.7908653846153846 0.42788461538461536 0.10216346153846154 0.07572115384615384
0 0.9399038461538461 0.43509615384615385 0.109375 0.07211538461538461