0 0.3401442307692308 0.6081730769230769 0.07572115384615384 0.2439903846153846
0 0.03125 0.5817307692307693 0.0625 0.35096153846153844
0 0.17427884615384615 0.6370192307692307 0.10336538461538461 0.21634615384615385
0 0.2620192307692308 0.5985576923076923 0.07572115384615384 0.17067307692307693
0 0.43028846153846156 0.6310096153846154 0.06971153846153846 0.2247596153846154
0 0.5216346153846154 0.5997596153846154 0.07572115384615384 0.18389423076923078
0 0.6418269230769231 0.6346153846153846 0.10697115384615384 0.22115384615384615
0 0.7548076923076923 0.5877403846153846 0.08774038461538461 0.33653846153846156
0 0.8305288461538461 0.6286057692307693 0.10697115384615384 0.23197115384615385
0 0.8978365384615384 0.5889423076923077 0.08774038461538461 0.36778846153846156
0 0.9603365384615384 0.5985576923076923 0.07572115384615384 0.41346153846153844