0 0.016826923076923076 0.44591346153846156 0.03365384615384615 0.055288461538461536
0 0.052884615384615384 0.6081730769230769 0.10576923076923077 0.2824519230769231
0 0.07692307692307693 0.8581730769230769 0.15384615384615385 0.2776442307692308
0 0.11778846153846154 0.5625 0.10216346153846154 0.19230769230769232
0 0.21995192307692307 0.7908653846153846 0.23197115384615385 0.41586538461538464
0 0.17067307692307693 0.44591346153846156 0.06129807692307692 0.12620192307692307
0 0.24759615384615385 0.5216346153846154 0.16466346153846154 0.3112980769230769
0 0.30649038461538464 0.4182692307692308 0.06610576923076923 0.1466346153846154
0 0.3473557692307692 0.4543269230769231 0.078125 0.17908653846153846
0 0.43149038461538464 0.734375 0.23677884615384615 0.5300480769230769
0 0.3954326923076923 0.18269230769230768 0.038461538461538464 0.08653846153846154
0 0.4206730769230769 0.44350961538461536 0.06610576923076923 0.12620192307692307
0 0.46634615384615385 0.43509615384615385 0.06370192307692307 0.14543269230769232
0 0.5528846153846154 0.2692307692307692 0.20072115384615385 0.2956730769230769
0 0.5877403846153846 0.5612980769230769 0.14182692307692307 0.3112980769230769
0 0.7680288461538461 0.7007211538461539 0.38461538461538464 0.5949519230769231
0 0.6346153846153846 0.5168269230769231 0.09375 0.203125
0 0.7055288461538461 0.8581730769230769 0.20552884615384615 0.28125
0 0.6754807692307693 0.5180288461538461 0.11177884615384616 0.2764423076923077
0 0.8125 0.18870192307692307 0.054086538461538464 0.06610576923076923
0 0.9134615384615384 0.48197115384615385 0.09014423076923077 0.2127403846153846
0 0.9399038461538461 0.5649038461538461 0.11899038461538461 0.3004807692307692