0 0.7367788461538461 0.6887019230769231 0.1310096153846154 0.6021634615384616
0 0.025240384615384616 0.42788461538461536 0.04927884615384615 0.171875
0 0.08774038461538461 0.6141826923076923 0.17427884615384615 0.41586538461538464
0 0.17548076923076922 0.47836538461538464 0.07572115384615384 0.11538461538461539
0 0.24278846153846154 0.41466346153846156 0.055288461538461536 0.125
0 0.2692307692307692 0.4579326923076923 0.057692307692307696 0.08533653846153846
0 0.28725961538461536 0.41586538461538464 0.04927884615384615 0.12259615384615384
0 0.31009615384615385 0.4951923076923077 0.04927884615384615 0.16706730769230768
0 0.3713942307692308 0.484375 0.06129807692307692 0.10096153846153846
0 0.40865384615384615 0.484375 0.05889423076923077 0.1502403846153846
0 0.4795673076923077 0.5576923076923077 0.17067307692307693 0.2860576923076923
0 0.46274038461538464 0.4879807692307692 0.055288461538461536 0.13822115384615385
0 0.5697115384615384 0.5192307692307693 0.07932692307692307 0.16947115384615385
0 0.6634615384615384 0.5324519230769231 0.07211538461538461 0.1971153846153846