0 0.06610576923076923 0.5709134615384616 0.06850961538461539 0.10336538461538461
0 0.07932692307692307 0.6466346153846154 0.08052884615384616 0.1875
0 0.13942307692307693 0.5853365384615384 0.057692307692307696 0.13942307692307693
0 0.17067307692307693 0.6189903846153846 0.09615384615384616 0.22235576923076922
0 0.2980769230769231 0.5925480769230769 0.07692307692307693 0.17427884615384615
0 0.3293269230769231 0.5360576923076923 0.04447115384615385 0.11899038461538461
0 0.33052884615384615 0.484375 0.04326923076923077 0.06129807692307692
0 0.3245192307692308 0.46875 0.021634615384615384 0.051682692307692304
0 0.3629807692307692 0.6033653846153846 0.078125 0.16105769230769232
0 0.36538461538461536 0.484375 0.02283653846153846 0.07211538461538461
0 0.38461538461538464 0.484375 0.03245192307692308 0.07932692307692307
0 0.40625 0.5444711538461539 0.057692307692307696 0.0829326923076923
0 0.47475961538461536 0.53125 0.030048076923076924 0.08653846153846154
0 0.5180288461538461 0.6021634615384616 0.10336538461538461 0.14182692307692307
0 0.5060096153846154 0.49158653846153844 0.03245192307692308 0.07211538461538461
0 0.5300480769230769 0.5132211538461539 0.05048076923076923 0.11778846153846154
0 0.5504807692307693 0.47475961538461536 0.028846153846153848 0.040865384615384616
0 0.5949519230769231 0.5108173076923077 0.04447115384615385 0.14903846153846154
0 0.6201923076923077 0.6213942307692307 0.09014423076923077 0.12740384615384615
0 0.6478365384615384 0.5108173076923077 0.056490384615384616 0.11778846153846154
0 0.6634615384615384 0.47596153846153844 0.027644230769230768 0.04807692307692308
0 0.7055288461538461 0.4098557692307692 0.018028846153846152 0.03485576923076923
0 0.7692307692307693 0.7920673076923077 0.14543269230769232 0.41346153846153844
0 0.7199519230769231 0.4387019230769231 0.03245192307692308 0.1045673076923077
0 0.7463942307692307 0.42427884615384615 0.026442307692307692 0.07932692307692307
0 0.8004807692307693 0.40625 0.021634615384615384 0.037259615384615384
0 0.8317307692307693 0.4098557692307692 0.020432692307692308 0.04447115384615385
0 0.8485576923076923 0.5697115384615384 0.04927884615384615 0.1310096153846154
0 0.84375 0.4098557692307692 0.030048076923076924 0.040865384615384616
0 0.8774038461538461 0.640625 0.08653846153846154 0.2512019230769231
0 0.875 0.4182692307692308 0.036057692307692304 0.07211538461538461
0 0.8930288461538461 0.4098557692307692 0.021634615384615384 0.057692307692307696
0 0.9002403846153846 0.4014423076923077 0.015625 0.03245192307692308
0 0.9158653846153846 0.4026442307692308 0.02403846153846154 0.03245192307692308
0 0.9302884615384616 0.421875 0.04807692307692308 0.06370192307692307