0 0.11057692307692307 0.59375 0.07932692307692307 0.37740384615384615
0 0.056490384615384616 0.6153846153846154 0.02403846153846154 0.12620192307692307
0 0.19471153846153846 0.6057692307692307 0.06971153846153846 0.3269230769230769
0 0.2668269230769231 0.5985576923076923 0.06490384615384616 0.35697115384615385
0 0.3605769230769231 0.5805288461538461 0.07211538461538461 0.3894230769230769
0 0.45072115384615385 0.5853365384615384 0.07932692307692307 0.4026442307692308
0 0.5444711538461539 0.6105769230769231 0.08774038461538461 0.35697115384615385
0 0.6262019230769231 0.5913461538461539 0.07451923076923077 0.3605769230769231
0 0.7271634615384616 0.5973557692307693 0.08413461538461539 0.37259615384615385
0 0.8185096153846154 0.6117788461538461 0.09134615384615384 0.3605769230769231
0 0.8786057692307693 0.59375 0.06009615384615385 0.34975961538461536
0 0.9254807692307693 0.6021634615384616 0.056490384615384616 0.33052884615384615
0 0.9747596153846154 0.609375 0.04807692307692308 0.4254807692307692