0 0.4110576923076923 0.6911057692307693 0.09134615384615384 0.4699519230769231
0 0.30528846153846156 0.09014423076923077 0.04326923076923077 0.18028846153846154
0 0.3293269230769231 0.09014423076923077 0.038461538461538464 0.18028846153846154
0 0.36177884615384615 0.038461538461538464 0.026442307692307692 0.052884615384615384
0 0.3737980769230769 0.052884615384615384 0.030048076923076924 0.0829326923076923
0 0.39783653846153844 0.0625 0.040865384615384616 0.125
0 0.40865384615384615 0.08533653846153846 0.019230769230769232 0.12980769230769232
0 0.43028846153846156 0.09735576923076923 0.028846153846153848 0.19471153846153846
0 0.4699519230769231 0.41586538461538464 0.09615384615384616 0.35697115384615385
0 0.45913461538461536 0.07451923076923077 0.03245192307692308 0.109375
0 0.47596153846153844 0.10216346153846154 0.03485576923076923 0.16826923076923078
0 0.5288461538461539 0.6814903846153846 0.11658653846153846 0.46274038461538464
0 0.5096153846153846 0.6502403846153846 0.0625 0.4338942307692308
0 0.5036057692307693 0.09014423076923077 0.03485576923076923 0.18028846153846154
0 0.5264423076923077 0.09735576923076923 0.03485576923076923 0.16706730769230768
0 0.5889423076923077 0.4567307692307692 0.07211538461538461 0.359375
0 0.5913461538461539 0.11538461538461539 0.03485576923076923 0.20192307692307693
0 0.6442307692307693 0.3870192307692308 0.08413461538461539 0.28966346153846156
0 0.625 0.038461538461538464 0.030048076923076924 0.07572115384615384
0 0.6778846153846154 0.6754807692307693 0.09254807692307693 0.47475961538461536
0 0.6538461538461539 0.12259615384615384 0.03485576923076923 0.17548076923076922
0 0.6586538461538461 0.020432692307692308 0.016826923076923076 0.040865384615384616
0 0.6838942307692307 0.10216346153846154 0.03365384615384615 0.12980769230769232
0 0.7007211538461539 0.046875 0.026442307692307692 0.09254807692307693
0 0.7391826923076923 0.06009615384615385 0.038461538461538464 0.11298076923076923
0 0.7391826923076923 0.15865384615384615 0.038461538461538464 0.12139423076923077
0 0.7788461538461539 0.0673076923076923 0.030048076923076924 0.109375
0 0.7920673076923077 0.1622596153846154 0.019230769230769232 0.125
0 0.8185096153846154 0.06009615384615385 0.03485576923076923 0.08052884615384616
0 0.8149038461538461 0.14423076923076922 0.018028846153846152 0.12620192307692307
0 0.859375 0.05889423076923077 0.03245192307692308 0.06009615384615385
0 0.8713942307692307 0.14423076923076922 0.03485576923076923 0.13822115384615385
0 0.8942307692307693 0.06490384615384616 0.039663461538461536 0.11298076923076923
0 0.9182692307692307 0.13822115384615385 0.027644230769230768 0.1778846153846154
0 0.9459134615384616 0.11057692307692307 0.03365384615384615 0.13581730769230768
0 0.9831730769230769 0.11899038461538461 0.03245192307692308 0.20192307692307693