0 0.27283653846153844 0.37259615384615385 0.18269230769230768 0.14903846153846154
0 0.34615384615384615 0.44591346153846156 0.11057692307692307 0.078125
0 0.40384615384615385 0.3762019230769231 0.10697115384615384 0.06129807692307692
0 0.4483173076923077 0.5024038461538461 0.12379807692307693 0.09134615384615384
0 0.43509615384615385 0.33413461538461536 0.0733173076923077 0.03365384615384615
0 0.49038461538461536 0.4098557692307692 0.08774038461538461 0.026442307692307692
0 0.5504807692307693 0.5528846153846154 0.19110576923076922 0.1622596153846154
0 0.5973557692307693 0.4639423076923077 0.12740384615384615 0.04807692307692308
0 0.6983173076923077 0.32211538461538464 0.08533653846153846 0.07692307692307693
0 0.7259615384615384 0.25721153846153844 0.12740384615384615 0.05048076923076923
0 0.7427884615384616 0.22716346153846154 0.14182692307692307 0.04807692307692308