0 0.19831730769230768 0.5600961538461539 0.007211538461538462 0.040865384615384616
0 0.265625 0.5649038461538461 0.009615384615384616 0.018028846153846152
0 0.2956730769230769 0.6117788461538461 0.06610576923076923 0.17307692307692307
0 0.3137019230769231 0.5961538461538461 0.02403846153846154 0.140625
0 0.33653846153846156 0.6129807692307693 0.021634615384615384 0.10817307692307693
0 0.34975961538461536 0.5913461538461539 0.021634615384615384 0.09615384615384616
0 0.4254807692307692 0.6009615384615384 0.018028846153846152 0.042067307692307696
0 0.44711538461538464 0.59375 0.02283653846153846 0.04447115384615385
0 0.47475961538461536 0.5625 0.007211538461538462 0.013221153846153846
0 0.6935096153846154 0.5480769230769231 0.010817307692307692 0.027644230769230768
0 0.8713942307692307 0.5420673076923077 0.007211538461538462 0.013221153846153846
0 0.90625 0.5420673076923077 0.007211538461538462 0.013221153846153846