0 0.03485576923076923 0.45913461538461536 0.06971153846153846 0.04326923076923077
0 0.11177884615384616 0.47836538461538464 0.04927884615384615 0.051682692307692304
0 0.18870192307692307 0.49399038461538464 0.028846153846153848 0.10336538461538461
0 0.19951923076923078 0.46033653846153844 0.019230769230769232 0.0625
0 0.4855769230769231 0.4338942307692308 0.14903846153846154 0.04807692307692308
0 0.5673076923076923 0.4338942307692308 0.01201923076923077 0.021634615384615384
0 0.6009615384615384 0.4423076923076923 0.018028846153846152 0.04807692307692308
0 0.6105769230769231 0.4423076923076923 0.021634615384615384 0.04447115384615385
0 0.6189903846153846 0.41586538461538464 0.019230769230769232 0.046875
0 0.6923076923076923 0.42788461538461536 0.12740384615384615 0.27283653846153844
0 0.7860576923076923 0.4074519230769231 0.05889423076923077 0.08774038461538461
0 0.8629807692307693 0.421875 0.07692307692307693 0.06971153846153846
0 0.9158653846153846 0.40384615384615385 0.016826923076923076 0.05889423076923077
0 0.9423076923076923 0.40865384615384615 0.015625 0.051682692307692304
0 0.9627403846153846 0.41466346153846156 0.02403846153846154 0.06490384615384616
0 0.9855769230769231 0.4206730769230769 0.015625 0.0673076923076923
0 0.9927884615384616 0.40024038461538464 0.013221153846153846 0.05889423076923077