0 0.44711538461538464 0.7355769230769231 0.8942307692307693 0.32211538461538464
0 0.06610576923076923 0.9242788461538461 0.056490384615384616 0.1502403846153846
0 0.09375 0.7331730769230769 0.03365384615384615 0.13221153846153846
0 0.12259615384615384 0.7463942307692307 0.030048076923076924 0.140625
0 0.15865384615384615 0.9302884615384616 0.06490384615384616 0.13822115384615385
0 0.15144230769230768 0.7439903846153846 0.03245192307692308 0.1502403846153846
0 0.17548076923076922 0.7524038461538461 0.028846153846153848 0.12259615384615384
0 0.1971153846153846 0.7463942307692307 0.028846153846153848 0.14302884615384615
0 0.6069711538461539 0.26322115384615385 0.7836538461538461 0.15985576923076922
0 0.265625 0.7692307692307693 0.030048076923076924 0.13581730769230768
0 0.30408653846153844 0.9783653846153846 0.03485576923076923 0.042067307692307696
0 0.3088942307692308 0.7692307692307693 0.03245192307692308 0.14182692307692307
0 0.3545673076923077 0.7752403846153846 0.03485576923076923 0.15384615384615385
0 0.38100961538461536 0.7788461538461539 0.03485576923076923 0.140625
0 0.4050480769230769 0.78125 0.028846153846153848 0.140625
0 0.41586538461538464 0.28725961538461536 0.037259615384615384 0.07451923076923077
0 0.4387019230769231 0.7872596153846154 0.03365384615384615 0.13822115384615385
0 0.4567307692307692 0.2800480769230769 0.037259615384615384 0.08413461538461539
0 0.4675480769230769 0.7860576923076923 0.028846153846153848 0.140625
0 0.4831730769230769 0.2932692307692308 0.03365384615384615 0.06129807692307692
0 0.5096153846153846 0.8016826923076923 0.03485576923076923 0.13581730769230768
0 0.5276442307692307 0.28725961538461536 0.037259615384615384 0.0673076923076923
0 0.5528846153846154 0.7920673076923077 0.036057692307692304 0.15865384615384615
0 0.5649038461538461 0.28125 0.040865384615384616 0.07572115384615384
0 0.5769230769230769 0.7908653846153846 0.02403846153846154 0.14423076923076922
0 0.5913461538461539 0.796875 0.020432692307692308 0.12860576923076922
0 0.6081730769230769 0.9362980769230769 0.055288461538461536 0.12620192307692307
0 0.6045673076923077 0.29447115384615385 0.037259615384615384 0.06129807692307692
0 0.6153846153846154 0.7980769230769231 0.038461538461538464 0.15504807692307693
0 0.6658653846153846 0.7980769230769231 0.036057692307692304 0.15384615384615385
0 0.6694711538461539 0.21394230769230768 0.030048076923076924 0.042067307692307696
0 0.6658653846153846 0.23076923076923078 0.019230769230769232 0.038461538461538464
0 0.6887019230769231 0.9627403846153846 0.04927884615384615 0.0733173076923077
0 0.7007211538461539 0.8076923076923077 0.038461538461538464 0.15384615384615385
0 0.7415865384615384 0.8197115384615384 0.036057692307692304 0.1502403846153846
0 0.7680288461538461 0.9783653846153846 0.039663461538461536 0.042067307692307696
0 0.7716346153846154 0.8137019230769231 0.03245192307692308 0.15264423076923078
0 0.7896634615384616 0.8197115384615384 0.021634615384615384 0.14302884615384615
0 0.8064903846153846 0.9543269230769231 0.05048076923076923 0.08653846153846154
0 0.8233173076923077 0.8209134615384616 0.03245192307692308 0.14783653846153846
0 0.9110576923076923 0.7319711538461539 0.17548076923076922 0.5336538461538461
0 0.9038461538461539 0.3112980769230769 0.04927884615384615 0.09134615384615384
0 0.9399038461538461 0.3076923076923077 0.028846153846153848 0.09254807692307693
0 0.9711538461538461 0.31009615384615385 0.056490384615384616 0.10096153846153846