0 0.24278846153846154 0.5432692307692307 0.039663461538461536 0.23557692307692307
0 0.28365384615384615 0.5264423076923077 0.037259615384615384 0.23557692307692307
0 0.32211538461538464 0.5757211538461539 0.054086538461538464 0.3004807692307692
0 0.33413461538461536 0.4362980769230769 0.02403846153846154 0.0733173076923077
0 0.3557692307692308 0.5444711538461539 0.04567307692307692 0.27524038461538464
0 0.37259615384615385 0.5084134615384616 0.020432692307692308 0.17067307692307693
0 0.4230769230769231 0.5540865384615384 0.07692307692307693 0.3425480769230769
0 0.3954326923076923 0.49399038461538464 0.019230769230769232 0.1466346153846154
0 0.44711538461538464 0.4963942307692308 0.02403846153846154 0.15504807692307693
0 0.484375 0.4963942307692308 0.03245192307692308 0.14903846153846154
0 0.5072115384615384 0.5576923076923077 0.04927884615384615 0.27283653846153844
0 0.5336538461538461 0.5036057692307693 0.02403846153846154 0.20192307692307693
0 0.5588942307692307 0.5240384615384616 0.03245192307692308 0.23197115384615385
0 0.5829326923076923 0.53125 0.038461538461538464 0.2764423076923077