0 0.025240384615384616 0.6346153846153846 0.04927884615384615 0.06370192307692307
0 0.021634615384615384 0.3389423076923077 0.04326923076923077 0.1201923076923077
0 0.06971153846153846 0.3545673076923077 0.036057692307692304 0.06129807692307692
0 0.14783653846153846 0.3293269230769231 0.04447115384615385 0.1201923076923077
0 0.24158653846153846 0.36538461538461536 0.09254807692307693 0.24639423076923078
0 0.27163461538461536 0.32211538461538464 0.05889423076923077 0.125
0 0.3137019230769231 0.3233173076923077 0.016826923076923076 0.11177884615384616
0 0.3329326923076923 0.32091346153846156 0.016826923076923076 0.1201923076923077
0 0.37259615384615385 0.36899038461538464 0.06971153846153846 0.28725961538461536
0 0.35216346153846156 0.31490384615384615 0.021634615384615384 0.12740384615384615
0 0.49399038461538464 0.3449519230769231 0.04927884615384615 0.203125
0 0.6081730769230769 0.5228365384615384 0.15865384615384615 0.5432692307692307
0 0.5685096153846154 0.31490384615384615 0.013221153846153846 0.06971153846153846
0 0.5889423076923077 0.31009615384615385 0.01201923076923077 0.0673076923076923
0 0.6574519230769231 0.3545673076923077 0.04447115384615385 0.22956730769230768
0 0.7680288461538461 0.5673076923076923 0.1778846153846154 0.640625
0 0.8677884615384616 0.3329326923076923 0.026442307692307692 0.12620192307692307
0 0.8858173076923077 0.3701923076923077 0.038461538461538464 0.21634615384615385
0 0.9399038461538461 0.41586538461538464 0.09615384615384616 0.31490384615384615