0 0.08413461538461539 0.45913461538461536 0.12980769230769232 0.4855769230769231
0 0.21394230769230768 0.4795673076923077 0.11538461538461539 0.41225961538461536
0 0.3112980769230769 0.4338942307692308 0.10096153846153846 0.35096153846153844
0 0.33774038461538464 0.4026442307692308 0.05889423076923077 0.2620192307692308
0 0.4014423076923077 0.46875 0.0829326923076923 0.3762019230769231
0 0.45552884615384615 0.46634615384615385 0.1310096153846154 0.375
0 0.4423076923076923 0.33052884615384615 0.04927884615384615 0.07572115384615384
0 0.546875 0.47716346153846156 0.09975961538461539 0.38221153846153844
0 0.6081730769230769 0.4567307692307692 0.06129807692307692 0.3293269230769231
0 0.6105769230769231 0.3269230769230769 0.04807692307692308 0.06971153846153846
0 0.6514423076923077 0.4230769230769231 0.10576923076923077 0.28725961538461536
0 0.6935096153846154 0.33774038461538464 0.04567307692307692 0.0829326923076923
0 0.7175480769230769 0.35336538461538464 0.08533653846153846 0.13701923076923078
0 0.7728365384615384 0.49038461538461536 0.09254807692307693 0.33774038461538464
0 0.7740384615384616 0.33774038461538464 0.07211538461538461 0.11658653846153846
0 0.8293269230769231 0.4963942307692308 0.1201923076923077 0.3545673076923077
0 0.8125 0.3954326923076923 0.04927884615384615 0.2127403846153846
0 0.8629807692307693 0.453125 0.09975961538461539 0.3473557692307692
0 0.9266826923076923 0.49038461538461536 0.125 0.3894230769230769