0 0.875 0.28365384615384615 0.1045673076923077 0.3798076923076923
0 0.140625 0.15985576923076922 0.014423076923076924 0.054086538461538464
0 0.18870192307692307 0.16105769230769232 0.020432692307692308 0.04807692307692308
0 0.25240384615384615 0.1778846153846154 0.026442307692307692 0.025240384615384616
0 0.2860576923076923 0.16466346153846154 0.028846153846153848 0.036057692307692304
0 0.32091346153846156 0.15985576923076922 0.03365384615384615 0.06129807692307692
0 0.43028846153846156 0.15504807692307693 0.02403846153846154 0.06610576923076923
0 0.46033653846153844 0.14903846153846154 0.020432692307692308 0.06009615384615385
0 0.5396634615384616 0.12259615384615384 0.025240384615384616 0.04807692307692308
0 0.5697115384615384 0.13341346153846154 0.028846153846153848 0.039663461538461536
0 0.6117788461538461 0.13822115384615385 0.028846153846153848 0.0889423076923077