0 0.796875 0.7860576923076923 0.07692307692307693 0.29927884615384615
0 0.29447115384615385 0.84375 0.07572115384615384 0.2620192307692308
0 0.36538461538461536 0.8317307692307693 0.07692307692307693 0.28365384615384615
0 0.40865384615384615 0.8545673076923077 0.036057692307692304 0.17067307692307693
0 0.4495192307692308 0.828125 0.07211538461538461 0.2668269230769231
0 0.5180288461538461 0.8161057692307693 0.04807692307692308 0.23317307692307693
0 0.6201923076923077 0.8449519230769231 0.06850961538461539 0.08774038461538461
0 0.6754807692307693 0.796875 0.04927884615384615 0.2247596153846154
0 0.71875 0.8137019230769231 0.07932692307692307 0.23918269230769232
0 0.8317307692307693 0.8377403846153846 0.021634615384615384 0.12379807692307693
0 0.8641826923076923 0.8341346153846154 0.04447115384615385 0.14783653846153846