0 0.09375 0.5288461538461539 0.04326923076923077 0.15384615384615385
0 0.078125 0.5216346153846154 0.009615384615384616 0.054086538461538464
0 0.15144230769230768 0.7439903846153846 0.14903846153846154 0.41225961538461536
0 0.11778846153846154 0.5348557692307693 0.046875 0.14783653846153846
0 0.140625 0.5264423076923077 0.038461538461538464 0.15384615384615385
0 0.16466346153846154 0.5384615384615384 0.04326923076923077 0.16346153846153846
0 0.5504807692307693 0.5625 0.765625 0.2692307692307692
0 0.24519230769230768 0.5757211538461539 0.09615384615384616 0.3173076923076923
0 0.6009615384615384 0.7139423076923077 0.20793269230769232 0.3473557692307692
0 0.6201923076923077 0.6754807692307693 0.21634615384615385 0.29927884615384615
0 0.7331730769230769 0.6850961538461539 0.056490384615384616 0.28725961538461536
0 0.8401442307692307 0.7644230769230769 0.25961538461538464 0.4050480769230769
0 0.7704326923076923 0.6418269230769231 0.07091346153846154 0.25721153846153844
0 0.8112980769230769 0.5997596153846154 0.06971153846153846 0.16826923076923078
0 0.8966346153846154 0.6887019230769231 0.20432692307692307 0.296875
0 0.84375 0.5829326923076923 0.057692307692307696 0.11899038461538461
0 0.8786057692307693 0.5396634615384616 0.027644230769230768 0.052884615384615384
0 0.90625 0.4795673076923077 0.04807692307692308 0.06009615384615385
0 0.8954326923076923 0.5372596153846154 0.013221153846153846 0.06009615384615385
0 0.9146634615384616 0.5420673076923077 0.018028846153846152 0.052884615384615384
0 0.9254807692307693 0.5288461538461539 0.016826923076923076 0.04807692307692308
0 0.96875 0.6105769230769231 0.06129807692307692 0.15625
0 0.9567307692307693 0.44350961538461536 0.03485576923076923 0.04447115384615385
0 0.9495192307692307 0.5168269230769231 0.016826923076923076 0.046875
0 0.9639423076923077 0.5012019230769231 0.020432692307692308 0.040865384615384616
0 0.9819711538461539 0.4879807692307692 0.03365384615384615 0.10096153846153846
0 0.9855769230769231 0.4519230769230769 0.027644230769230768 0.046875