0 0.8545673076923077 0.7836538461538461 0.06850961538461539 0.30649038461538464
0 0.040865384615384616 0.18389423076923078 0.08173076923076923 0.24639423076923078
0 0.14543269230769232 0.7584134615384616 0.16706730769230768 0.30288461538461536
0 0.16706730769230768 0.20192307692307693 0.07572115384615384 0.22956730769230768
0 0.5661057692307693 0.4338942307692308 0.8245192307692307 0.125
0 0.26322115384615385 0.734375 0.055288461538461536 0.26802884615384615
0 0.3762019230769231 0.78125 0.1658653846153846 0.36177884615384615
0 0.36177884615384615 0.5841346153846154 0.037259615384615384 0.12259615384615384
0 0.40024038461538464 0.5685096153846154 0.028846153846153848 0.09375
0 0.5036057692307693 0.7860576923076923 0.08774038461538461 0.34975961538461536
0 0.5925480769230769 0.7728365384615384 0.09014423076923077 0.39663461538461536
0 0.6899038461538461 0.7848557692307693 0.07932692307692307 0.3713942307692308
0 0.703125 0.25600961538461536 0.10216346153846154 0.20552884615384615
0 0.7427884615384616 0.7620192307692307 0.06129807692307692 0.31009615384615385
0 0.8257211538461539 0.25721153846153844 0.12379807692307693 0.20192307692307693
0 0.9338942307692307 0.7620192307692307 0.07451923076923077 0.2980769230769231
0 0.9555288461538461 0.7596153846153846 0.05048076923076923 0.2848557692307692