0 0.19471153846153846 0.5300480769230769 0.06370192307692307 0.33774038461538464
0 0.23197115384615385 0.5456730769230769 0.042067307692307696 0.2932692307692308
0 0.27524038461538464 0.5240384615384616 0.0733173076923077 0.3894230769230769
0 0.33653846153846156 0.5372596153846154 0.08052884615384616 0.39302884615384615
0 0.4254807692307692 0.5372596153846154 0.07692307692307693 0.40384615384615385
0 0.49158653846153844 0.5408653846153846 0.08052884615384616 0.43149038461538464
0 0.5661057692307693 0.5661057692307693 0.09495192307692307 0.4495192307692308
0 0.6358173076923077 0.5480769230769231 0.06370192307692307 0.4423076923076923
0 0.6790865384615384 0.5949519230769231 0.12259615384615384 0.49158653846153844
0 0.7463942307692307 0.5805288461538461 0.04326923076923077 0.47115384615384615
0 0.8064903846153846 0.6117788461538461 0.12139423076923077 0.5576923076923077
0 0.8798076923076923 0.59375 0.06490384615384616 0.4423076923076923
0 0.9411057692307693 0.6502403846153846 0.11538461538461539 0.6177884615384616
0 0.9819711538461539 0.39663461538461536 0.03365384615384615 0.12980769230769232