0 0.12259615384615384 0.4495192307692308 0.016826923076923076 0.055288461538461536
0 0.13942307692307693 0.6274038461538461 0.013221153846153846 0.052884615384615384
0 0.15865384615384615 0.1971153846153846 0.01201923076923077 0.040865384615384616
0 0.2800480769230769 0.6213942307692307 0.07932692307692307 0.15504807692307693
0 0.4182692307692308 0.8305288461538461 0.06850961538461539 0.09975961538461539
0 0.39302884615384615 0.171875 0.010817307692307692 0.016826923076923076
0 0.3942307692307692 0.2512019230769231 0.006009615384615385 0.027644230769230768
0 0.39783653846153844 0.20072115384615385 0.009615384615384616 0.021634615384615384
0 0.39903846153846156 0.25600961538461536 0.007211538461538462 0.013221153846153846
0 0.4230769230769231 0.8329326923076923 0.038461538461538464 0.09014423076923077
0 0.421875 0.59375 0.028846153846153848 0.057692307692307696
0 0.5745192307692307 0.47596153846153844 0.030048076923076924 0.04807692307692308
0 0.59375 0.4723557692307692 0.03245192307692308 0.04567307692307692
0 0.6141826923076923 0.47475961538461536 0.019230769230769232 0.046875
0 0.8605769230769231 0.6646634615384616 0.016826923076923076 0.036057692307692304
0 0.875 0.6814903846153846 0.009615384615384616 0.019230769230769232
0 0.8894230769230769 0.43028846153846156 0.028846153846153848 0.07572115384615384