0 0.016826923076923076 0.16346153846153846 0.03365384615384615 0.06971153846153846
0 0.038461538461538464 0.15985576923076922 0.03485576923076923 0.07932692307692307
0 0.07091346153846154 0.10216346153846154 0.02403846153846154 0.052884615384615384
0 0.07451923076923077 0.1658653846153846 0.028846153846153848 0.06610576923076923
0 0.109375 0.14182692307692307 0.036057692307692304 0.11658653846153846
0 0.11538461538461539 0.06490384615384616 0.018028846153846152 0.027644230769230768
0 0.16105769230769232 0.1466346153846154 0.040865384615384616 0.09254807692307693
0 0.19831730769230768 0.06490384615384616 0.040865384615384616 0.05889423076923077
0 0.20432692307692307 0.15504807692307693 0.038461538461538464 0.109375
0 0.22355769230769232 0.04447115384615385 0.04326923076923077 0.08052884615384616
0 0.25 0.1502403846153846 0.038461538461538464 0.12139423076923077
0 0.2764423076923077 0.04927884615384615 0.040865384615384616 0.0829326923076923
0 0.29447115384615385 0.14423076923076922 0.03365384615384615 0.11177884615384616
0 0.40625 0.4543269230769231 0.21754807692307693 0.6706730769230769
0 0.3173076923076923 0.054086538461538464 0.036057692307692304 0.10096153846153846
0 0.33413461538461536 0.17668269230769232 0.06370192307692307 0.14182692307692307
0 0.36538461538461536 0.04807692307692308 0.054086538461538464 0.09615384615384616
0 0.4375 0.04927884615384615 0.06610576923076923 0.0985576923076923
0 0.48677884615384615 0.4483173076923077 0.11177884615384616 0.5973557692307693
0 0.4483173076923077 0.17908653846153846 0.027644230769230768 0.055288461538461536
0 0.4951923076923077 0.125 0.021634615384615384 0.038461538461538464
0 0.5036057692307693 0.17307692307692307 0.016826923076923076 0.055288461538461536
0 0.5240384615384616 0.08173076923076923 0.03245192307692308 0.051682692307692304
0 0.5432692307692307 0.1935096153846154 0.04326923076923077 0.07211538461538461
0 0.5324519230769231 0.11899038461538461 0.015625 0.040865384615384616
0 0.5576923076923077 0.03365384615384615 0.040865384615384616 0.0673076923076923
0 0.5745192307692307 0.15985576923076922 0.038461538461538464 0.09495192307692307
0 0.5973557692307693 0.06129807692307692 0.030048076923076924 0.06490384615384616
0 0.6346153846153846 0.13581730769230768 0.037259615384615384 0.054086538461538464
0 0.6418269230769231 0.055288461538461536 0.046875 0.09615384615384616
0 0.6430288461538461 0.1814903846153846 0.03365384615384615 0.06129807692307692
0 0.6682692307692307 0.13341346153846154 0.028846153846153848 0.06490384615384616
0 0.6875 0.20432692307692307 0.06490384615384616 0.09254807692307693
0 0.6790865384615384 0.06850961538461539 0.04326923076923077 0.08774038461538461
0 0.7235576923076923 0.052884615384615384 0.040865384615384616 0.078125
0 0.7319711538461539 0.18629807692307693 0.052884615384615384 0.08653846153846154
0 0.8413461538461539 0.6526442307692307 0.26802884615384615 0.5961538461538461
0 0.7235576923076923 0.13581730769230768 0.014423076923076924 0.04447115384615385
0 0.7908653846153846 0.4543269230769231 0.09615384615384616 0.3629807692307692
0 0.7584134615384616 0.14182692307692307 0.020432692307692308 0.04807692307692308
0 0.7716346153846154 0.056490384615384616 0.040865384615384616 0.10216346153846154
0 0.7860576923076923 0.19591346153846154 0.04927884615384615 0.08173076923076923
0 0.7908653846153846 0.08173076923076923 0.018028846153846152 0.054086538461538464
0 0.8137019230769231 0.15985576923076922 0.02403846153846154 0.057692307692307696
0 0.8173076923076923 0.06009615384615385 0.014423076923076924 0.040865384615384616
0 0.8401442307692307 0.18990384615384615 0.028846153846153848 0.07211538461538461
0 0.8569711538461539 0.13701923076923078 0.02283653846153846 0.038461538461538464
0 0.8677884615384616 0.38100961538461536 0.027644230769230768 0.171875
0 0.9182692307692307 0.4098557692307692 0.06971153846153846 0.25240384615384615
0 0.9110576923076923 0.171875 0.03125 0.08653846153846154
0 0.9399038461538461 0.10096153846153846 0.039663461538461536 0.06490384615384616
0 0.9543269230769231 0.19471153846153846 0.038461538461538464 0.13221153846153846
0 0.9723557692307693 0.43028846153846156 0.04807692307692308 0.234375
0 0.9675480769230769 0.06610576923076923 0.037259615384615384 0.08774038461538461
0 0.9879807692307693 0.18028846153846154 0.021634615384615384 0.11658653846153846