0 0.019230769230769232 0.8004807692307693 0.038461538461538464 0.13701923076923078
0 0.046875 0.7836538461538461 0.05889423076923077 0.13581730769230768
0 0.06971153846153846 0.9338942307692307 0.07091346153846154 0.12740384615384615
0 0.08653846153846154 0.9098557692307693 0.07932692307692307 0.15264423076923078
0 0.10697115384615384 0.8822115384615384 0.08052884615384616 0.12379807692307693
0 0.10576923076923077 0.8197115384615384 0.038461538461538464 0.11298076923076923
0 0.14783653846153846 0.3737980769230769 0.06129807692307692 0.140625
0 0.15625 0.234375 0.0733173076923077 0.203125
0 0.14543269230769232 0.8305288461538461 0.04807692307692308 0.14903846153846154
0 0.17307692307692307 0.8161057692307693 0.04326923076923077 0.109375
0 0.22596153846153846 0.44471153846153844 0.06490384615384616 0.13341346153846154
0 0.21634615384615385 0.3269230769230769 0.04326923076923077 0.10336538461538461
0 0.2668269230769231 0.9338942307692307 0.06009615384615385 0.12740384615384615
0 0.2920673076923077 0.390625 0.056490384615384616 0.11057692307692307
0 0.5024038461538461 0.5745192307692307 0.4338942307692308 0.3137019230769231
0 0.3233173076923077 0.9302884615384616 0.055288461538461536 0.13581730769230768
0 0.34975961538461536 0.33052884615384615 0.06009615384615385 0.140625
0 0.3557692307692308 0.953125 0.03485576923076923 0.08774038461538461
0 0.3954326923076923 0.40384615384615385 0.08173076923076923 0.12259615384615384
0 0.4050480769230769 0.22956730769230768 0.07932692307692307 0.17908653846153846
0 0.421875 0.9603365384615384 0.054086538461538464 0.07451923076923077
0 0.4675480769230769 0.390625 0.08413461538461539 0.14423076923076922
0 0.49158653846153844 0.18870192307692307 0.0733173076923077 0.1502403846153846
0 0.48197115384615385 0.953125 0.04567307692307692 0.08774038461538461
0 0.5504807692307693 0.3762019230769231 0.08052884615384616 0.13701923076923078
0 0.5456730769230769 0.9459134615384616 0.06850961538461539 0.10336538461538461
0 0.5528846153846154 0.9723557692307693 0.038461538461538464 0.051682692307692304
0 0.5985576923076923 0.17908653846153846 0.04807692307692308 0.11778846153846154
0 0.6009615384615384 0.9567307692307693 0.03485576923076923 0.08052884615384616
0 0.6189903846153846 0.40384615384615385 0.06971153846153846 0.0829326923076923
0 0.671875 0.6850961538461539 0.09134615384615384 0.23918269230769232
0 0.6850961538461539 0.9495192307692307 0.05048076923076923 0.09735576923076923
0 0.7007211538461539 0.40625 0.06971153846153846 0.07932692307692307
0 0.7524038461538461 0.9663461538461539 0.019230769230769232 0.06129807692307692
0 0.7836538461538461 0.2932692307692308 0.06370192307692307 0.14302884615384615
0 0.7944711538461539 0.47836538461538464 0.06490384615384616 0.23197115384615385
0 0.8052884615384616 0.9603365384615384 0.026442307692307692 0.07451923076923077
0 0.8353365384615384 0.2776442307692308 0.05889423076923077 0.19471153846153846
0 0.8269230769230769 0.96875 0.016826923076923076 0.055288461538461536
0 0.8858173076923077 0.41466346153846156 0.09014423076923077 0.10336538461538461
0 0.8954326923076923 0.4651442307692308 0.056490384615384616 0.1141826923076923
0 0.9170673076923077 0.9567307692307693 0.06009615384615385 0.08052884615384616