0 0.04326923076923077 0.4026442307692308 0.08653846153846154 0.12740384615384615
0 0.09615384615384616 0.36177884615384615 0.04447115384615385 0.11899038461538461
0 0.19471153846153846 0.5060096153846154 0.20072115384615385 0.32211538461538464
0 0.13701923076923078 0.40625 0.038461538461538464 0.09495192307692307
0 0.1658653846153846 0.3137019230769231 0.02403846153846154 0.028846153846153848
0 0.18509615384615385 0.33653846153846156 0.02403846153846154 0.03485576923076923
0 0.21875 0.3269230769230769 0.03485576923076923 0.06370192307692307
0 0.26322115384615385 0.37259615384615385 0.09615384615384616 0.13942307692307693
0 0.35697115384615385 0.3641826923076923 0.04326923076923077 0.07692307692307693
0 0.3954326923076923 0.4639423076923077 0.11298076923076923 0.24639423076923078
0 0.36778846153846156 0.3112980769230769 0.03365384615384615 0.10096153846153846
0 0.421875 0.3245192307692308 0.025240384615384616 0.052884615384615384
0 0.43990384615384615 0.3557692307692308 0.04567307692307692 0.07211538461538461
0 0.49759615384615385 0.4495192307692308 0.10216346153846154 0.17307692307692307
0 0.47716346153846156 0.328125 0.05889423076923077 0.07451923076923077
0 0.5625 0.3137019230769231 0.04326923076923077 0.13942307692307693
0 0.6189903846153846 0.4182692307692308 0.10336538461538461 0.15384615384615385
0 0.5901442307692307 0.3076923076923077 0.016826923076923076 0.0985576923076923
0 0.6069711538461539 0.3161057692307692 0.016826923076923076 0.027644230769230768
0 0.7379807692307693 0.3401442307692308 0.056490384615384616 0.1045673076923077
0 0.8221153846153846 0.4579326923076923 0.12740384615384615 0.29086538461538464
0 0.8173076923076923 0.265625 0.06009615384615385 0.0733173076923077
0 0.8365384615384616 0.31009615384615385 0.030048076923076924 0.038461538461538464
0 0.84375 0.35336538461538464 0.036057692307692304 0.07932692307692307
0 0.8846153846153846 0.35216346153846156 0.04567307692307692 0.09375
0 0.9387019230769231 0.34615384615384615 0.054086538461538464 0.08533653846153846