0 0.027644230769230768 0.36778846153846156 0.055288461538461536 0.22235576923076922
0 0.078125 0.36538461538461536 0.04326923076923077 0.2091346153846154
0 0.10336538461538461 0.3329326923076923 0.03485576923076923 0.1622596153846154
0 0.13942307692307693 0.34975961538461536 0.04807692307692308 0.171875
0 0.18028846153846154 0.35096153846153844 0.038461538461538464 0.15985576923076922
0 0.22956730769230768 0.35096153846153844 0.04807692307692308 0.16826923076923078
0 0.26322115384615385 0.390625 0.040865384615384616 0.08774038461538461
0 0.2860576923076923 0.30649038461538464 0.02403846153846154 0.0625
0 0.33052884615384615 0.3449519230769231 0.057692307692307696 0.1658653846153846
0 0.5036057692307693 0.5625 0.3713942307692308 0.6117788461538461
0 0.5841346153846154 0.328125 0.027644230769230768 0.09375
0 0.6358173076923077 0.39903846153846156 0.08052884615384616 0.30649038461538464
0 0.6682692307692307 0.3701923076923077 0.046875 0.20673076923076922
0 0.6959134615384616 0.36778846153846156 0.04326923076923077 0.1971153846153846
0 0.8125 0.3713942307692308 0.057692307692307696 0.20793269230769232
0 0.8485576923076923 0.36899038461538464 0.03245192307692308 0.17908653846153846
0 0.8870192307692307 0.3762019230769231 0.027644230769230768 0.19230769230769232
0 0.9086538461538461 0.35697115384615385 0.020432692307692308 0.14783653846153846
0 0.96875 0.4230769230769231 0.06009615384615385 0.2704326923076923
0 0.9723557692307693 0.296875 0.03245192307692308 0.0733173076923077