0 0.055288461538461536 0.46033653846153844 0.10817307692307693 0.1658653846153846
0 0.14783653846153846 0.43990384615384615 0.07692307692307693 0.12139423076923077
0 0.2512019230769231 0.6225961538461539 0.13581730769230768 0.42788461538461536
0 0.22235576923076922 0.4026442307692308 0.04927884615384615 0.08774038461538461
0 0.30528846153846156 0.40865384615384615 0.07572115384615384 0.0889423076923077
0 0.39302884615384615 0.6694711538461539 0.1814903846153846 0.43028846153846156
0 0.35216346153846156 0.3870192307692308 0.06850961538461539 0.0889423076923077
0 0.3641826923076923 0.3605769230769231 0.036057692307692304 0.078125
0 0.41947115384615385 0.38100961538461536 0.04927884615384615 0.078125
0 0.8052884615384616 0.6081730769230769 0.21514423076923078 0.32572115384615385
0 0.7860576923076923 0.4795673076923077 0.13221153846153846 0.3088942307692308
0 0.9098557692307693 0.5324519230769231 0.08052884615384616 0.265625