0 0.021634615384615384 0.18028846153846154 0.04326923076923077 0.23076923076923078
0 0.11538461538461539 0.203125 0.13221153846153846 0.21033653846153846
0 0.09735576923076923 0.08533653846153846 0.055288461538461536 0.1141826923076923
0 0.22355769230769232 0.17668269230769232 0.0889423076923077 0.203125
0 0.23557692307692307 0.054086538461538464 0.07572115384615384 0.08774038461538461
0 0.3473557692307692 0.19110576923076922 0.11658653846153846 0.19831730769230768
0 0.6105769230769231 0.3485576923076923 0.5036057692307693 0.36899038461538464
0 0.5300480769230769 0.6298076923076923 0.2824519230769231 0.23918269230769232
0 0.5012019230769231 0.08173076923076923 0.1141826923076923 0.08533653846153846
0 0.5084134615384616 0.15144230769230768 0.08533653846153846 0.109375
0 0.7391826923076923 0.12860576923076922 0.109375 0.16947115384615385
0 0.8100961538461539 0.15384615384615385 0.09975961538461539 0.18509615384615385