0 0.39663461538461536 0.6201923076923077 0.056490384615384616 0.1310096153846154
0 0.19471153846153846 0.453125 0.025240384615384616 0.06370192307692307
0 0.28125 0.4110576923076923 0.015625 0.07091346153846154
0 0.40384615384615385 0.4963942307692308 0.18990384615384615 0.16826923076923078
0 0.5625 0.45072115384615385 0.019230769230769232 0.08052884615384616
0 0.5817307692307693 0.4579326923076923 0.021634615384615384 0.0889423076923077
0 0.5961538461538461 0.49278846153846156 0.04447115384615385 0.12259615384615384
0 0.6850961538461539 0.4879807692307692 0.025240384615384616 0.10576923076923077
0 0.6875 0.47596153846153844 0.02283653846153846 0.109375
0 0.7127403846153846 0.5793269230769231 0.04447115384615385 0.08413461538461539
0 0.7752403846153846 0.5072115384615384 0.018028846153846152 0.10096153846153846