0 0.17067307692307693 0.7331730769230769 0.34134615384615385 0.4170673076923077
0 0.15625 0.8689903846153846 0.265625 0.25841346153846156
0 0.36899038461538464 0.6394230769230769 0.09254807692307693 0.24519230769230768
0 0.4519230769230769 0.7872596153846154 0.13221153846153846 0.33533653846153844
0 0.47115384615384615 0.6057692307692307 0.07572115384615384 0.1778846153846154
0 0.5889423076923077 0.8088942307692307 0.14543269230769232 0.3786057692307692
0 0.6117788461538461 0.6466346153846154 0.08052884615384616 0.11658653846153846
0 0.7596153846153846 0.8161057692307693 0.15985576923076922 0.3629807692307692
0 0.8209134615384616 0.9771634615384616 0.16706730769230768 0.042067307692307696
0 0.8016826923076923 0.6850961538461539 0.09014423076923077 0.18389423076923078
0 0.953125 0.6021634615384616 0.08413461538461539 0.10576923076923077
0 0.9615384615384616 0.6394230769230769 0.07451923076923077 0.08052884615384616