0 0.03365384615384615 0.3317307692307692 0.06610576923076923 0.15625
0 0.039663461538461536 0.5673076923076923 0.06610576923076923 0.08173076923076923
0 0.0829326923076923 0.028846153846153848 0.15504807692307693 0.057692307692307696
0 0.051682692307692304 0.6526442307692307 0.07211538461538461 0.17427884615384615
0 0.16947115384615385 0.4651442307692308 0.09735576923076923 0.15985576923076922
0 0.21514423076923078 0.6730769230769231 0.06610576923076923 0.17307692307692307
0 0.2403846153846154 0.10817307692307693 0.08774038461538461 0.0889423076923077
0 0.2536057692307692 0.06490384615384616 0.06850961538461539 0.055288461538461536
0 0.265625 0.6947115384615384 0.0673076923076923 0.14423076923076922
0 0.28125 0.03485576923076923 0.07572115384615384 0.06850961538461539
0 0.2824519230769231 0.5072115384615384 0.054086538461538464 0.09254807692307693
0 0.3557692307692308 0.9050480769230769 0.13701923076923078 0.13822115384615385
0 0.3173076923076923 0.5276442307692307 0.04447115384615385 0.0733173076923077
0 0.34375 0.7355769230769231 0.09735576923076923 0.15625
0 0.3401442307692308 0.5540865384615384 0.07692307692307693 0.08653846153846154
0 0.421875 0.8954326923076923 0.07572115384615384 0.13581730769230768
0 0.47115384615384615 0.3016826923076923 0.11177884615384616 0.23197115384615385
0 0.48677884615384615 0.8569711538461539 0.10576923076923077 0.18028846153846154
0 0.5420673076923077 0.6153846153846154 0.1346153846153846 0.12259615384615384
0 0.5384615384615384 0.328125 0.08173076923076923 0.14543269230769232
0 0.5649038461538461 0.9050480769230769 0.09134615384615384 0.14182692307692307
0 0.6225961538461539 0.8966346153846154 0.06610576923076923 0.1622596153846154
0 0.6466346153846154 0.5420673076923077 0.06370192307692307 0.08774038461538461
0 0.6610576923076923 0.5132211538461539 0.07932692307692307 0.109375
0 0.6826923076923077 0.8737980769230769 0.06971153846153846 0.1875
0 0.6947115384615384 0.08774038461538461 0.09134615384615384 0.1201923076923077
0 0.703125 0.5060096153846154 0.06129807692307692 0.06971153846153846
0 0.7367788461538461 0.6935096153846154 0.07692307692307693 0.17548076923076922
0 0.7836538461538461 0.6538461538461539 0.08052884615384616 0.14783653846153846
0 0.8389423076923077 0.39302884615384615 0.10576923076923077 0.1141826923076923
0 0.9254807692307693 0.5745192307692307 0.10096153846153846 0.19230769230769232
0 0.9507211538461539 0.33653846153846156 0.08774038461538461 0.12740384615384615
0 0.9579326923076923 0.4098557692307692 0.08052884615384616 0.109375
0 0.9639423076923077 0.5252403846153846 0.03485576923076923 0.05889423076923077
0 0.9771634615384616 0.21875 0.04447115384615385 0.07572115384615384