0 0.29447115384615385 0.6033653846153846 0.5877403846153846 0.25961538461538464
0 0.35697115384615385 0.28125 0.018028846153846152 0.03125
0 0.36899038461538464 0.28365384615384615 0.014423076923076924 0.03485576923076923
0 0.37740384615384615 0.35336538461538464 0.009615384615384616 0.03125
0 0.3870192307692308 0.35216346153846156 0.01201923076923077 0.03125
0 0.4495192307692308 0.2439903846153846 0.004807692307692308 0.018028846153846152
0 0.45913461538461536 0.2439903846153846 0.009615384615384616 0.020432692307692308
0 0.5084134615384616 0.19831730769230768 0.013221153846153846 0.03125
0 0.5240384615384616 0.19591346153846154 0.008413461538461538 0.03125
0 0.53125 0.23677884615384615 0.013221153846153846 0.015625
0 0.5372596153846154 0.2668269230769231 0.018028846153846152 0.040865384615384616
0 0.5360576923076923 0.3786057692307692 0.013221153846153846 0.028846153846153848
0 0.5492788461538461 0.2403846153846154 0.009615384615384616 0.014423076923076924
0 0.7860576923076923 0.24639423076923078 0.42427884615384615 0.3137019230769231
0 0.625 0.6826923076923077 0.052884615384615384 0.2127403846153846
0 0.6526442307692307 0.5757211538461539 0.04807692307692308 0.15625
0 0.7019230769230769 0.6478365384615384 0.06490384615384616 0.19110576923076922
0 0.7331730769230769 0.5721153846153846 0.030048076923076924 0.171875
0 0.7536057692307693 0.9663461538461539 0.06850961538461539 0.06370192307692307
0 0.7704326923076923 0.6658653846153846 0.040865384615384616 0.16947115384615385
0 0.7956730769230769 0.6550480769230769 0.03365384615384615 0.16105769230769232
0 0.8100961538461539 0.7151442307692307 0.04326923076923077 0.052884615384615384
0 0.8774038461538461 0.6430288461538461 0.04326923076923077 0.14903846153846154
0 0.9134615384615384 0.9675480769230769 0.09375 0.0625
0 0.9519230769230769 0.9254807692307693 0.09495192307692307 0.14423076923076922
0 0.9603365384615384 0.6298076923076923 0.03365384615384615 0.13581730769230768