0 0.7043269230769231 0.6947115384615384 0.06971153846153846 0.3870192307692308
0 0.27884615384615385 0.3870192307692308 0.02403846153846154 0.06850961538461539
0 0.30649038461538464 0.3798076923076923 0.016826923076923076 0.0829326923076923
0 0.328125 0.38461538461538464 0.025240384615384616 0.10336538461538461
0 0.36778846153846156 0.38822115384615385 0.030048076923076924 0.09975961538461539
0 0.4206730769230769 0.390625 0.021634615384615384 0.10576923076923077
0 0.49278846153846156 0.3786057692307692 0.05889423076923077 0.1310096153846154
0 0.5084134615384616 0.7259615384615384 0.04927884615384615 0.36778846153846156
0 0.5516826923076923 0.3786057692307692 0.04807692307692308 0.11778846153846154
0 0.6201923076923077 0.3786057692307692 0.027644230769230768 0.1141826923076923
0 0.6586538461538461 0.375 0.019230769230769232 0.11778846153846154
0 0.6850961538461539 0.3762019230769231 0.025240384615384616 0.09735576923076923
0 0.6935096153846154 0.3713942307692308 0.02403846153846154 0.08774038461538461
0 0.7115384615384616 0.3894230769230769 0.025240384615384616 0.0889423076923077
0 0.8016826923076923 0.5432692307692307 0.06129807692307692 0.21995192307692307
0 0.8521634615384616 0.5432692307692307 0.0625 0.23557692307692307
0 0.9026442307692307 0.5492788461538461 0.054086538461538464 0.21033653846153846
0 0.953125 0.546875 0.06129807692307692 0.23798076923076922
0 0.9867788461538461 0.5012019230769231 0.02403846153846154 0.18870192307692307