0 0.3125 0.8425480769230769 0.051682692307692304 0.1875
0 0.1875 0.7536057692307693 0.28966346153846156 0.375
0 0.36778846153846156 0.828125 0.056490384615384616 0.24158653846153846
0 0.4170673076923077 0.7223557692307693 0.12740384615384615 0.28125
0 0.4987980769230769 0.6310096153846154 0.018028846153846152 0.0733173076923077
0 0.515625 0.6346153846153846 0.01201923076923077 0.0733173076923077
0 0.5324519230769231 0.6322115384615384 0.018028846153846152 0.0625
0 0.546875 0.6310096153846154 0.013221153846153846 0.06850961538461539
0 0.5757211538461539 0.84375 0.06009615384615385 0.18389423076923078
0 0.5625 0.7475961538461539 0.028846153846153848 0.16466346153846154
0 0.5841346153846154 0.6971153846153846 0.028846153846153848 0.09735576923076923
0 0.6225961538461539 0.8353365384615384 0.06490384615384616 0.21033653846153846
0 0.6069711538461539 0.6670673076923077 0.02403846153846154 0.10216346153846154
0 0.6334134615384616 0.6995192307692307 0.03365384615384615 0.13221153846153846
0 0.6646634615384616 0.6430288461538461 0.009615384615384616 0.07211538461538461
0 0.6694711538461539 0.6887019230769231 0.015625 0.12379807692307693
0 0.703125 0.6526442307692307 0.02403846153846154 0.08774038461538461
0 0.7800480769230769 0.6983173076923077 0.06129807692307692 0.140625
0 0.8677884615384616 0.6682692307692307 0.03125 0.10697115384615384
0 0.9086538461538461 0.6730769230769231 0.028846153846153848 0.08413461538461539
0 0.9314903846153846 0.6754807692307693 0.025240384615384616 0.09014423076923077
0 0.9507211538461539 0.6778846153846154 0.01201923076923077 0.08173076923076923