0 0.1622596153846154 0.5625 0.12860576923076922 0.41466346153846156
0 0.054086538461538464 0.4699519230769231 0.10817307692307693 0.2776442307692308
0 0.11538461538461539 0.3918269230769231 0.06971153846153846 0.17307692307692307
0 0.2764423076923077 0.5625 0.21394230769230768 0.41346153846153844
0 0.2920673076923077 0.5516826923076923 0.06850961538461539 0.3112980769230769
0 0.38341346153846156 0.5036057692307693 0.05048076923076923 0.140625
0 0.44471153846153844 0.5540865384615384 0.11298076923076923 0.3701923076923077
0 0.47115384615384615 0.4699519230769231 0.03125 0.04927884615384615
0 0.5528846153846154 0.6875 0.19471153846153846 0.33774038461538464
0 0.5 0.6274038461538461 0.07211538461538461 0.2536057692307692
0 0.5384615384615384 0.5492788461538461 0.06009615384615385 0.11899038461538461
0 0.6394230769230769 0.5360576923076923 0.03365384615384615 0.06129807692307692
0 0.6622596153846154 0.46875 0.06009615384615385 0.11538461538461539
0 0.7379807692307693 0.6057692307692307 0.08173076923076923 0.18028846153846154
0 0.8533653846153846 0.6129807692307693 0.27524038461538464 0.2668269230769231
0 0.8076923076923077 0.6730769230769231 0.12259615384615384 0.2608173076923077
0 0.890625 0.7836538461538461 0.21634615384615385 0.38341346153846156
0 0.9170673076923077 0.45552884615384615 0.078125 0.1502403846153846
0 0.9326923076923077 0.6322115384615384 0.1045673076923077 0.3473557692307692