0 0.5288461538461539 0.6478365384615384 0.057692307692307696 0.13581730769230768
0 0.12980769230769232 0.6766826923076923 0.056490384615384616 0.06850961538461539
0 0.2764423076923077 0.6754807692307693 0.06009615384615385 0.109375
0 0.3894230769230769 0.6502403846153846 0.05889423076923077 0.14543269230769232
0 0.3918269230769231 0.5348557692307693 0.039663461538461536 0.12259615384615384
0 0.3954326923076923 0.4206730769230769 0.03485576923076923 0.12139423076923077
0 0.4326923076923077 0.3088942307692308 0.052884615384615384 0.1141826923076923
0 0.4375 0.20432692307692307 0.042067307692307696 0.08052884615384616
0 0.4362980769230769 0.5096153846153846 0.03365384615384615 0.1310096153846154
0 0.4567307692307692 0.3786057692307692 0.03365384615384615 0.15625
0 0.49759615384615385 0.23798076923076922 0.04326923076923077 0.15865384615384615
0 0.5612980769230769 0.4891826923076923 0.038461538461538464 0.15625
0 0.5793269230769231 0.5276442307692307 0.03245192307692308 0.12980769230769232
0 0.5961538461538461 0.36538461538461536 0.04326923076923077 0.15384615384615385
0 0.6081730769230769 0.5396634615384616 0.038461538461538464 0.13581730769230768
0 0.6454326923076923 0.41586538461538464 0.038461538461538464 0.1310096153846154
0 0.6670673076923077 0.6418269230769231 0.056490384615384616 0.0829326923076923
0 0.6610576923076923 0.25961538461538464 0.038461538461538464 0.12259615384615384
0 0.6766826923076923 0.3161057692307692 0.040865384615384616 0.13822115384615385
0 0.7259615384615384 0.1502403846153846 0.036057692307692304 0.11177884615384616
0 0.7247596153846154 0.2283653846153846 0.03125 0.140625
0 0.7524038461538461 0.6358173076923077 0.028846153846153848 0.038461538461538464