0 0.20793269230769232 0.9747596153846154 0.08173076923076923 0.04807692307692308
0 0.23798076923076922 0.7764423076923077 0.0673076923076923 0.04927884615384615
0 0.25841346153846156 0.7536057692307693 0.055288461538461536 0.07211538461538461
0 0.26322115384615385 0.671875 0.019230769230769232 0.018028846153846152
0 0.29086538461538464 0.9290865384615384 0.06610576923076923 0.06971153846153846
0 0.28365384615384615 0.6538461538461539 0.04326923076923077 0.052884615384615384
0 0.3004807692307692 0.625 0.06610576923076923 0.052884615384615384
0 0.30408653846153844 0.8497596153846154 0.06370192307692307 0.055288461538461536
0 0.3473557692307692 0.5673076923076923 0.037259615384615384 0.03365384615384615
0 0.35096153846153844 0.5793269230769231 0.036057692307692304 0.008413461538461538
0 0.36538461538461536 0.6105769230769231 0.04326923076923077 0.030048076923076924
0 0.359375 0.5372596153846154 0.025240384615384616 0.027644230769230768
0 0.3798076923076923 0.5661057692307693 0.03365384615384615 0.05048076923076923
0 0.3894230769230769 0.49038461538461536 0.046875 0.030048076923076924
0 0.40384615384615385 0.640625 0.055288461538461536 0.04447115384615385
0 0.40865384615384615 0.3485576923076923 0.014423076923076924 0.020432692307692308
0 0.4326923076923077 0.625 0.057692307692307696 0.038461538461538464
0 0.4206730769230769 0.35697115384615385 0.01201923076923077 0.028846153846153848
0 0.4338942307692308 0.5649038461538461 0.03125 0.056490384615384616
0 0.4338942307692308 0.33653846153846156 0.013221153846153846 0.018028846153846152
0 0.45552884615384615 0.3401442307692308 0.02403846153846154 0.028846153846153848
0 0.46153846153846156 0.6899038461538461 0.03125 0.0829326923076923
0 0.46153846153846156 0.5144230769230769 0.030048076923076924 0.05889423076923077
0 0.4651442307692308 0.5697115384615384 0.020432692307692308 0.06009615384615385
0 0.48677884615384615 0.5108173076923077 0.037259615384615384 0.056490384615384616
0 0.5048076923076923 0.5180288461538461 0.015625 0.056490384615384616
0 0.5252403846153846 0.5252403846153846 0.03125 0.057692307692307696
0 0.5528846153846154 0.5817307692307693 0.036057692307692304 0.06850961538461539
0 0.6129807692307693 0.6310096153846154 0.038461538461538464 0.078125
0 0.6538461538461539 0.6310096153846154 0.028846153846153848 0.038461538461538464