0 0.5060096153846154 0.8653846153846154 0.08533653846153846 0.14543269230769232
0 0.08413461538461539 0.8233173076923077 0.06370192307692307 0.12980769230769232
0 0.3449519230769231 0.8641826923076923 0.4074519230769231 0.2644230769230769
0 0.4423076923076923 0.6706730769230769 0.19230769230769232 0.234375
0 0.5516826923076923 0.5685096153846154 0.052884615384615384 0.09975961538461539
0 0.5637019230769231 0.6875 0.04567307692307692 0.11298076923076923
0 0.5985576923076923 0.8413461538461539 0.0733173076923077 0.1502403846153846
0 0.5901442307692307 0.5757211538461539 0.04567307692307692 0.0889423076923077
0 0.6490384615384616 0.6394230769230769 0.052884615384615384 0.11298076923076923
0 0.7608173076923077 0.796875 0.171875 0.40384615384615385
0 0.9098557692307693 0.8088942307692307 0.1778846153846154 0.38100961538461536
0 0.8846153846153846 0.5757211538461539 0.039663461538461536 0.1045673076923077