0 0.07932692307692307 0.5336538461538461 0.15865384615384615 0.7980769230769231
0 0.12980769230769232 0.9555288461538461 0.10817307692307693 0.08653846153846154
0 0.1310096153846154 0.3942307692307692 0.06971153846153846 0.0985576923076923
0 0.1502403846153846 0.6574519230769231 0.09014423076923077 0.11899038461538461
0 0.13942307692307693 0.578125 0.056490384615384616 0.10096153846153846
0 0.17307692307692307 0.9158653846153846 0.11057692307692307 0.1658653846153846
0 0.15144230769230768 0.45913461538461536 0.05889423076923077 0.09615384615384616
0 0.14182692307692307 0.328125 0.038461538461538464 0.0733173076923077
0 0.17067307692307693 0.7668269230769231 0.09375 0.12379807692307693
0 0.1466346153846154 0.2620192307692308 0.04326923076923077 0.07091346153846154
0 0.15625 0.2776442307692308 0.040865384615384616 0.046875
0 0.16105769230769232 0.5084134615384616 0.04567307692307692 0.06490384615384616
0 0.18269230769230768 0.2980769230769231 0.040865384615384616 0.08533653846153846
0 0.18509615384615385 0.49038461538461536 0.04567307692307692 0.09375
0 0.20192307692307693 0.8149038461538461 0.07692307692307693 0.1346153846153846
0 0.18389423076923078 0.35096153846153844 0.038461538461538464 0.06129807692307692
0 0.18629807692307693 0.4170673076923077 0.04326923076923077 0.09375
0 0.19591346153846154 0.6057692307692307 0.06370192307692307 0.11538461538461539
0 0.19471153846153846 0.7019230769230769 0.056490384615384616 0.1346153846153846
0 0.23677884615384615 0.45913461538461536 0.12139423076923077 0.5661057692307693
0 0.22596153846153846 0.5492788461538461 0.07091346153846154 0.125
0 0.22596153846153846 0.14302884615384615 0.04326923076923077 0.078125
0 0.27403846153846156 0.9158653846153846 0.11177884615384616 0.1658653846153846
0 0.28966346153846156 0.8353365384615384 0.11177884615384616 0.1310096153846154
0 0.30408653846153844 0.765625 0.11538461538461539 0.12259615384615384
0 0.2956730769230769 0.12860576923076922 0.04447115384615385 0.057692307692307696
0 0.3425480769230769 0.9519230769230769 0.11538461538461539 0.09254807692307693
0 0.46153846153846156 0.578125 0.35336538461538464 0.8389423076923077
0 0.40024038461538464 0.11778846153846154 0.0625 0.10216346153846154
0 0.47115384615384615 0.12740384615384615 0.040865384615384616 0.0625
0 0.5793269230769231 0.16105769230769232 0.028846153846153848 0.09134615384615384
0 0.6117788461538461 0.16466346153846154 0.04927884615384615 0.1045673076923077
0 0.6382211538461539 0.13221153846153846 0.03125 0.07572115384615384
0 0.6598557692307693 0.16826923076923078 0.04447115384615385 0.09254807692307693
0 0.8185096153846154 0.5552884615384616 0.3605769230769231 0.8846153846153846
0 0.6778846153846154 0.1466346153846154 0.02403846153846154 0.052884615384615384
0 0.7620192307692307 0.14423076923076922 0.02403846153846154 0.039663461538461536