0 0.03245192307692308 0.5252403846153846 0.028846153846153848 0.08774038461538461
0 0.0733173076923077 0.5456730769230769 0.03365384615384615 0.12980769230769232
0 0.09615384615384616 0.5372596153846154 0.025240384615384616 0.11899038461538461
0 0.171875 0.5432692307692307 0.03245192307692308 0.12860576923076922
0 0.265625 0.5588942307692307 0.05889423076923077 0.17548076923076922
0 0.3389423076923077 0.5288461538461539 0.03245192307692308 0.1141826923076923
0 0.390625 0.5456730769230769 0.038461538461538464 0.17668269230769232
0 0.49399038461538464 0.5132211538461539 0.04927884615384615 0.13822115384615385
0 0.5252403846153846 0.5612980769230769 0.0673076923076923 0.21634615384615385
0 0.6802884615384616 0.5264423076923077 0.054086538461538464 0.21514423076923078
0 0.765625 0.5120192307692307 0.12860576923076922 0.11177884615384616
0 0.9086538461538461 0.5228365384615384 0.15384615384615385 0.12860576923076922