0 0.01201923076923077 0.21033653846153846 0.02403846153846154 0.06971153846153846
0 0.07572115384615384 0.43509615384615385 0.1502403846153846 0.6442307692307693
0 0.18269230769230768 0.5060096153846154 0.06971153846153846 0.44711538461538464
0 0.2512019230769231 0.5516826923076923 0.14903846153846154 0.35697115384615385
0 0.2091346153846154 0.3401442307692308 0.025240384615384616 0.06610576923076923
0 0.23197115384615385 0.36778846153846156 0.04927884615384615 0.125
0 0.3076923076923077 0.39783653846153844 0.07692307692307693 0.21033653846153846
0 0.35216346153846156 0.5444711538461539 0.08653846153846154 0.30408653846153844
0 0.328125 0.3545673076923077 0.025240384615384616 0.06610576923076923
0 0.38221153846153844 0.39783653846153844 0.08052884615384616 0.14182692307692307
0 0.4206730769230769 0.5805288461538461 0.1201923076923077 0.2620192307692308
0 0.4362980769230769 0.4050480769230769 0.04927884615384615 0.10336538461538461
0 0.4723557692307692 0.4495192307692308 0.052884615384615384 0.13942307692307693
0 0.515625 0.5637019230769231 0.11538461538461539 0.25600961538461536
0 0.5348557692307693 0.5360576923076923 0.04927884615384615 0.29447115384615385
0 0.5649038461538461 0.5324519230769231 0.05889423076923077 0.2824519230769231
0 0.6081730769230769 0.5444711538461539 0.05889423076923077 0.26322115384615385
0 0.6490384615384616 0.5336538461538461 0.07211538461538461 0.29086538461538464
0 0.703125 0.5252403846153846 0.07572115384615384 0.29447115384615385
0 0.7439903846153846 0.5228365384615384 0.06490384615384616 0.27283653846153844
0 0.796875 0.5432692307692307 0.06610576923076923 0.22716346153846154
0 0.8581730769230769 0.5420673076923077 0.04927884615384615 0.171875
0 0.9086538461538461 0.515625 0.056490384615384616 0.15384615384615385
0 0.9639423076923077 0.5108173076923077 0.06971153846153846 0.1971153846153846