0 0.11298076923076923 0.2956730769230769 0.22596153846153846 0.18870192307692307
0 0.15865384615384615 0.3870192307692308 0.1045673076923077 0.06971153846153846
0 0.23918269230769232 0.3870192307692308 0.06129807692307692 0.18629807692307693
0 0.27884615384615385 0.34975961538461536 0.04567307692307692 0.17427884615384615
0 0.2824519230769231 0.31971153846153844 0.04447115384615385 0.14302884615384615
0 0.3329326923076923 0.35336538461538464 0.036057692307692304 0.1658653846153846
0 0.36778846153846156 0.4098557692307692 0.04807692307692308 0.0985576923076923
0 0.4074519230769231 0.4110576923076923 0.06850961538461539 0.10096153846153846
0 0.6899038461538461 0.33653846153846156 0.6189903846153846 0.19110576923076922
0 0.484375 0.421875 0.040865384615384616 0.10096153846153846
0 0.5228365384615384 0.3557692307692308 0.04326923076923077 0.12740384615384615
0 0.6213942307692307 0.4074519230769231 0.23677884615384615 0.2704326923076923
0 0.6947115384615384 0.4338942307692308 0.038461538461538464 0.07572115384615384
0 0.7512019230769231 0.47596153846153844 0.04447115384615385 0.12980769230769232
0 0.84375 0.47596153846153844 0.09495192307692307 0.14423076923076922
0 0.9002403846153846 0.49158653846153844 0.046875 0.10817307692307693
0 0.953125 0.47596153846153844 0.055288461538461536 0.13221153846153846
0 0.9879807692307693 0.484375 0.02283653846153846 0.11778846153846154