0 0.19591346153846154 0.7764423076923077 0.07932692307692307 0.27884615384615385
0 0.015625 0.7992788461538461 0.030048076923076924 0.39903846153846156
0 0.08653846153846154 0.7884615384615384 0.037259615384615384 0.22115384615384615
0 0.13581730769230768 0.8100961538461539 0.06009615384615385 0.2403846153846154
0 0.2644230769230769 0.7319711538461539 0.04927884615384615 0.13221153846153846
0 0.3173076923076923 0.7139423076923077 0.016826923076923076 0.11177884615384616
0 0.3545673076923077 0.7115384615384616 0.02403846153846154 0.12620192307692307
0 0.4050480769230769 0.7391826923076923 0.06009615384615385 0.140625
0 0.453125 0.7283653846153846 0.02403846153846154 0.13822115384615385
0 0.5 0.6610576923076923 0.014423076923076924 0.046875
0 0.5288461538461539 0.8161057692307693 0.03365384615384615 0.17427884615384615
0 0.5709134615384616 0.8064903846153846 0.04807692307692308 0.2091346153846154
0 0.6045673076923077 0.6742788461538461 0.025240384615384616 0.0889423076923077
0 0.6358173076923077 0.6754807692307693 0.010817307692307692 0.078125
0 0.6514423076923077 0.671875 0.009615384615384616 0.10576923076923077
0 0.6862980769230769 0.7415865384615384 0.052884615384615384 0.19471153846153846
0 0.7415865384615384 0.7199519230769231 0.055288461538461536 0.13822115384615385
0 0.7920673076923077 0.7788461538461539 0.07572115384615384 0.22355769230769232
0 0.796875 0.6394230769230769 0.025240384615384616 0.04807692307692308
0 0.8990384615384616 0.6526442307692307 0.021634615384615384 0.07451923076923077
0 0.9771634615384616 0.8100961538461539 0.04326923076923077 0.3293269230769231