0 0.17908653846153846 0.4987980769230769 0.3581730769230769 0.9975961538461539
0 0.2824519230769231 0.48677884615384615 0.32572115384615385 0.7295673076923077
0 0.23677884615384615 0.33413461538461536 0.12259615384615384 0.359375
0 0.4050480769230769 0.31009615384615385 0.028846153846153848 0.17067307692307693
0 0.4423076923076923 0.3233173076923077 0.052884615384615384 0.18269230769230768
0 0.4735576923076923 0.3233173076923077 0.021634615384615384 0.13581730769230768
0 0.5516826923076923 0.38341346153846156 0.12379807692307693 0.40024038461538464
0 0.6394230769230769 0.4110576923076923 0.17548076923076922 0.6057692307692307
0 0.7307692307692307 0.4206730769230769 0.17548076923076922 0.5889423076923077
0 0.9110576923076923 0.43149038461538464 0.10576923076923077 0.32211538461538464
0 0.8882211538461539 0.2692307692307692 0.04807692307692308 0.14302884615384615
0 0.9350961538461539 0.265625 0.0673076923076923 0.15144230769230768
0 0.9555288461538461 0.5637019230769231 0.08653846153846154 0.8689903846153846