0 0.6610576923076923 0.703125 0.08653846153846154 0.33774038461538464
0 0.03125 0.609375 0.02403846153846154 0.10096153846153846
0 0.06129807692307692 0.6069711538461539 0.027644230769230768 0.10336538461538461
0 0.0829326923076923 0.6213942307692307 0.02403846153846154 0.12139423076923077
0 0.2692307692307692 0.6141826923076923 0.35216346153846156 0.15625
0 0.19951923076923078 0.6129807692307693 0.038461538461538464 0.12620192307692307
0 0.33533653846153844 0.6105769230769231 0.020432692307692308 0.12860576923076922
0 0.44711538461538464 0.6610576923076923 0.038461538461538464 0.23317307692307693
0 0.47716346153846156 0.640625 0.04567307692307692 0.20673076923076922
0 0.5240384615384616 0.6574519230769231 0.055288461538461536 0.2536057692307692
0 0.5132211538461539 0.5444711538461539 0.015625 0.036057692307692304
0 0.5588942307692307 0.6586538461538461 0.03245192307692308 0.23918269230769232
0 0.5985576923076923 0.6646634615384616 0.06490384615384616 0.2608173076923077
0 0.6225961538461539 0.5697115384615384 0.025240384615384616 0.036057692307692304
0 0.6995192307692307 0.6730769230769231 0.03125 0.23317307692307693
0 0.7271634615384616 0.7115384615384616 0.04567307692307692 0.28365384615384615
0 0.7764423076923077 0.7163461538461539 0.09615384615384616 0.35096153846153844
0 0.8197115384615384 0.703125 0.04927884615384615 0.33052884615384615
0 0.8894230769230769 0.7439903846153846 0.10697115384615384 0.4483173076923077