0 0.46033653846153844 0.39302884615384615 0.04447115384615385 0.17548076923076922
0 0.051682692307692304 0.7932692307692307 0.10216346153846154 0.22235576923076922
0 0.07451923076923077 0.5913461538461539 0.14903846153846154 0.23677884615384615
0 0.14423076923076922 0.9110576923076923 0.15985576923076922 0.17427884615384615
0 0.5456730769230769 0.7391826923076923 0.8990384615384616 0.5180288461538461
0 0.3786057692307692 0.9074519230769231 0.17668269230769232 0.18269230769230768
0 0.5108173076923077 0.9567307692307693 0.0985576923076923 0.06610576923076923
0 0.6646634615384616 0.921875 0.20552884615384615 0.15264423076923078
0 0.7704326923076923 0.7151442307692307 0.08774038461538461 0.09495192307692307
0 0.8810096153846154 0.8509615384615384 0.23076923076923078 0.2848557692307692
0 0.8461538461538461 0.7680288461538461 0.12740384615384615 0.24639423076923078