0 0.49278846153846156 0.8581730769230769 0.055288461538461536 0.20793269230769232
0 0.04807692307692308 0.7235576923076923 0.09615384615384616 0.35096153846153844
0 0.09014423076923077 0.5889423076923077 0.18028846153846154 0.5252403846153846
0 0.13942307692307693 0.21033653846153846 0.09615384615384616 0.2091346153846154
0 0.20793269230769232 0.8028846153846154 0.14423076923076922 0.3245192307692308
0 0.2776442307692308 0.5865384615384616 0.171875 0.5144230769230769
0 0.23677884615384615 0.19591346153846154 0.08653846153846154 0.21995192307692307
0 0.359375 0.1971153846153846 0.08052884615384616 0.21514423076923078
0 0.4050480769230769 0.5408653846153846 0.14903846153846154 0.47475961538461536
0 0.453125 0.18990384615384615 0.0889423076923077 0.19591346153846154
0 0.5793269230769231 0.8449519230769231 0.07572115384615384 0.25240384615384615
0 0.6418269230769231 0.8341346153846154 0.06009615384615385 0.1875
0 0.6875 0.7932692307692307 0.04567307692307692 0.15865384615384615