0 0.8161057692307693 0.4411057692307692 0.056490384615384616 0.203125
0 0.36658653846153844 0.46274038461538464 0.06009615384615385 0.16346153846153846
0 0.42788461538461536 0.42788461538461536 0.03485576923076923 0.15504807692307693
0 0.4639423076923077 0.45072115384615385 0.046875 0.15144230769230768
0 0.6153846153846154 0.3954326923076923 0.018028846153846152 0.051682692307692304
0 0.6838942307692307 0.38221153846153844 0.02403846153846154 0.078125
0 0.7295673076923077 0.3858173076923077 0.014423076923076924 0.0673076923076923
0 0.7427884615384616 0.3798076923076923 0.020432692307692308 0.06129807692307692
0 0.78125 0.37740384615384615 0.019230769230769232 0.0673076923076923
0 0.8870192307692307 0.4254807692307692 0.04326923076923077 0.18028846153846154
0 0.9459134615384616 0.41225961538461536 0.06009615384615385 0.15384615384615385