0 0.10096153846153846 0.6237980769230769 0.19110576923076922 0.6899038461538461
0 0.375 0.39903846153846156 0.04927884615384615 0.28725961538461536
0 0.43990384615384615 0.375 0.052884615384615384 0.28365384615384615
0 0.47596153846153844 0.3701923076923077 0.04807692307692308 0.23076923076923078
0 0.6009615384615384 0.3449519230769231 0.055288461538461536 0.24879807692307693
0 0.8028846153846154 0.29447115384615385 0.037259615384615384 0.1346153846153846
0 0.8329326923076923 0.30649038461538464 0.027644230769230768 0.16706730769230768
0 0.8665865384615384 0.33653846153846156 0.07211538461538461 0.23317307692307693
0 0.8954326923076923 0.3317307692307692 0.09134615384615384 0.23677884615384615
0 0.953125 0.265625 0.02403846153846154 0.12259615384615384
0 0.9867788461538461 0.2668269230769231 0.025240384615384616 0.140625