0 0.875 0.71875 0.05048076923076923 0.21875
0 0.25721153846153844 0.7536057692307693 0.040865384615384616 0.1814903846153846
0 0.3798076923076923 0.7475961538461539 0.03365384615384615 0.16105769230769232
0 0.40625 0.7247596153846154 0.03245192307692308 0.15985576923076922
0 0.421875 0.7403846153846154 0.03365384615384615 0.16466346153846154
0 0.5180288461538461 0.7475961538461539 0.040865384615384616 0.19951923076923078
0 0.5252403846153846 0.7367788461538461 0.036057692307692304 0.15625
0 0.5661057692307693 0.7427884615384616 0.04567307692307692 0.14903846153846154
0 0.5853365384615384 0.7367788461538461 0.05048076923076923 0.1658653846153846
0 0.5793269230769231 0.7151442307692307 0.013221153846153846 0.078125
0 0.6177884615384616 0.7415865384615384 0.038461538461538464 0.19951923076923078
0 0.6526442307692307 0.7548076923076923 0.04447115384615385 0.21514423076923078
0 0.6658653846153846 0.734375 0.046875 0.171875