0 0.055288461538461536 0.5973557692307693 0.04447115384615385 0.21995192307692307
0 0.13581730769230768 0.6069711538461539 0.05889423076923077 0.22355769230769232
0 0.19591346153846154 0.5901442307692307 0.04447115384615385 0.20072115384615385
0 0.26802884615384615 0.5901442307692307 0.055288461538461536 0.22956730769230768
0 0.35216346153846156 0.6045673076923077 0.05889423076923077 0.25600961538461536
0 0.4266826923076923 0.6189903846153846 0.04927884615384615 0.21875
0 0.4338942307692308 0.4987980769230769 0.027644230769230768 0.052884615384615384
0 0.47596153846153844 0.6262019230769231 0.06009615384615385 0.24879807692307693
0 0.515625 0.6201923076923077 0.08774038461538461 0.265625
0 0.515625 0.4855769230769231 0.03245192307692308 0.0733173076923077
0 0.6069711538461539 0.6298076923076923 0.07211538461538461 0.23557692307692307
0 0.7055288461538461 0.6141826923076923 0.06009615384615385 0.23317307692307693
0 0.7824519230769231 0.6213942307692307 0.040865384615384616 0.1875
0 0.8305288461538461 0.6141826923076923 0.04567307692307692 0.21875
0 0.8978365384615384 0.6237980769230769 0.052884615384615384 0.1814903846153846
0 0.9447115384615384 0.5817307692307693 0.028846153846153848 0.15504807692307693