0 0.4074519230769231 0.3701923076923077 0.06490384615384616 0.1971153846153846
0 0.007211538461538462 0.3762019230769231 0.014423076923076924 0.14182692307692307
0 0.030048076923076924 0.40384615384615385 0.038461538461538464 0.171875
0 0.07572115384615384 0.37740384615384615 0.03365384615384615 0.14182692307692307
0 0.12980769230769232 0.3737980769230769 0.028846153846153848 0.10817307692307693
0 0.18269230769230768 0.4254807692307692 0.03485576923076923 0.20192307692307693
0 0.21634615384615385 0.3737980769230769 0.03485576923076923 0.12620192307692307
0 0.36538461538461536 0.36538461538461536 0.030048076923076924 0.15865384615384615
0 0.46033653846153844 0.3701923076923077 0.038461538461538464 0.08653846153846154
0 0.4699519230769231 0.35697115384615385 0.018028846153846152 0.054086538461538464
0 0.8966346153846154 0.35336538461538464 0.015625 0.04927884615384615
0 0.9050480769230769 0.390625 0.030048076923076924 0.12980769230769232