0 0.037259615384615384 0.5733173076923077 0.019230769230769232 0.04807692307692308
0 0.14302884615384615 0.5588942307692307 0.016826923076923076 0.06370192307692307
0 0.15504807692307693 0.5564903846153846 0.02403846153846154 0.05889423076923077
0 0.19110576923076922 0.5528846153846154 0.02283653846153846 0.057692307692307696
0 0.2127403846153846 0.5697115384615384 0.027644230769230768 0.07932692307692307
0 0.23677884615384615 0.6117788461538461 0.057692307692307696 0.17548076923076922
0 0.3641826923076923 0.6454326923076923 0.11057692307692307 0.1466346153846154
0 0.39663461538461536 0.6442307692307693 0.11177884615384616 0.16826923076923078
0 0.49038461538461536 0.6322115384615384 0.06971153846153846 0.2283653846153846
0 0.5336538461538461 0.5817307692307693 0.02283653846153846 0.07932692307692307
0 0.6009615384615384 0.6141826923076923 0.06370192307692307 0.17427884615384615
0 0.5853365384615384 0.5588942307692307 0.030048076923076924 0.0889423076923077
0 0.8305288461538461 0.6814903846153846 0.1346153846153846 0.36177884615384615
0 0.9278846153846154 0.7079326923076923 0.1346153846153846 0.5372596153846154