0 0.4375 0.5396634615384616 0.0985576923076923 0.26322115384615385
0 0.014423076923076924 0.4855769230769231 0.028846153846153848 0.1502403846153846
0 0.018028846153846152 0.6105769230769231 0.03485576923076923 0.125
0 0.04326923076923077 0.484375 0.056490384615384616 0.13822115384615385
0 0.11658653846153846 0.5384615384615384 0.18509615384615385 0.7151442307692307
0 0.06490384615384616 0.5973557692307693 0.06009615384615385 0.13581730769230768
0 0.24759615384615385 0.4519230769230769 0.13341346153846154 0.5685096153846154
0 0.3112980769230769 0.48677884615384615 0.04447115384615385 0.1935096153846154
0 0.3317307692307692 0.5973557692307693 0.042067307692307696 0.09375
0 0.3425480769230769 0.4579326923076923 0.02403846153846154 0.06610576923076923
0 0.34375 0.5216346153846154 0.025240384615384616 0.08413461538461539
0 0.37740384615384615 0.4987980769230769 0.04567307692307692 0.15985576923076922
0 0.36899038461538464 0.4230769230769231 0.027644230769230768 0.046875
0 0.38221153846153844 0.5757211538461539 0.042067307692307696 0.125
0 0.3870192307692308 0.5733173076923077 0.02403846153846154 0.052884615384615384
0 0.6971153846153846 0.5108173076923077 0.6033653846153846 0.24278846153846154
0 0.7163461538461539 0.6069711538461539 0.12620192307692307 0.3858173076923077
0 0.8257211538461539 0.9459134615384616 0.15985576923076922 0.10576923076923077