0 0.21634615384615385 0.7079326923076923 0.054086538461538464 0.17548076923076922
0 0.014423076923076924 0.6899038461538461 0.028846153846153848 0.1875
0 0.03485576923076923 0.7079326923076923 0.06971153846153846 0.21634615384615385
0 0.0985576923076923 0.6862980769230769 0.07692307692307693 0.18870192307692307
0 0.1502403846153846 0.7007211538461539 0.06850961538461539 0.18870192307692307
0 0.22115384615384615 0.6069711538461539 0.015625 0.03485576923076923
0 0.25240384615384615 0.7115384615384616 0.04447115384615385 0.20072115384615385
0 0.2776442307692308 0.6370192307692307 0.028846153846153848 0.078125
0 0.3016826923076923 0.7163461538461539 0.046875 0.2127403846153846
0 0.34615384615384615 0.71875 0.0673076923076923 0.23076923076923078
0 0.3954326923076923 0.6658653846153846 0.028846153846153848 0.12379807692307693
0 0.42427884615384615 0.6706730769230769 0.04326923076923077 0.109375
0 0.4567307692307692 0.6706730769230769 0.027644230769230768 0.1141826923076923
0 0.4795673076923077 0.6418269230769231 0.016826923076923076 0.07932692307692307
0 0.7487980769230769 0.6502403846153846 0.021634615384615384 0.08173076923076923