0 0.019230769230769232 0.15625 0.038461538461538464 0.125
0 0.020432692307692308 0.07692307692307693 0.040865384615384616 0.0673076923076923
0 0.1141826923076923 0.6887019230769231 0.2283653846153846 0.6201923076923077
0 0.05889423076923077 0.22956730769230768 0.09254807692307693 0.17548076923076922
0 0.12139423076923077 0.38461538461538464 0.14302884615384615 0.30649038461538464
0 0.08052884615384616 0.09615384615384616 0.038461538461538464 0.078125
0 0.08533653846153846 0.17427884615384615 0.03485576923076923 0.09495192307692307
0 0.11057692307692307 0.12860576923076922 0.038461538461538464 0.08533653846153846
0 0.13701923076923078 0.2764423076923077 0.09134615384615384 0.14783653846153846
0 0.27403846153846156 0.6502403846153846 0.25 0.6490384615384616
0 0.17668269230769232 0.17908653846153846 0.055288461538461536 0.11899038461538461
0 0.18870192307692307 0.12379807692307693 0.037259615384615384 0.08173076923076923
0 0.19951923076923078 0.10576923076923077 0.03365384615384615 0.10096153846153846
0 0.22355769230769232 0.20072115384615385 0.07211538461538461 0.07451923076923077
0 0.24759615384615385 0.3557692307692308 0.11899038461538461 0.22596153846153846
0 0.234375 0.11057692307692307 0.04567307692307692 0.09975961538461539
0 0.27403846153846156 0.15625 0.06129807692307692 0.09495192307692307
0 0.2620192307692308 0.09375 0.019230769230769232 0.03125
0 0.2848557692307692 0.23076923076923078 0.039663461538461536 0.0985576923076923
0 0.29927884615384615 0.2980769230769231 0.06850961538461539 0.1622596153846154
0 0.296875 0.11298076923076923 0.03365384615384615 0.054086538461538464
0 0.32572115384615385 0.3581730769230769 0.08052884615384616 0.15504807692307693
0 0.3125 0.14302884615384615 0.03245192307692308 0.055288461538461536
0 0.4170673076923077 0.6021634615384616 0.23197115384615385 0.5576923076923077
0 0.33653846153846156 0.06971153846153846 0.02403846153846154 0.054086538461538464
0 0.3629807692307692 0.16947115384615385 0.054086538461538464 0.09134615384615384
0 0.37259615384615385 0.2668269230769231 0.04927884615384615 0.11658653846153846
0 0.36778846153846156 0.07451923076923077 0.020432692307692308 0.051682692307692304
0 0.390625 0.15865384615384615 0.02403846153846154 0.052884615384615384
0 0.4050480769230769 0.23076923076923078 0.04447115384615385 0.09134615384615384
0 0.4182692307692308 0.3269230769230769 0.06129807692307692 0.14783653846153846
0 0.4074519230769231 0.07692307692307693 0.02403846153846154 0.07451923076923077
0 0.41586538461538464 0.18870192307692307 0.03365384615384615 0.0733173076923077
0 0.43149038461538464 0.28966346153846156 0.036057692307692304 0.11177884615384616
0 0.5144230769230769 0.5877403846153846 0.19230769230769232 0.47596153846153844
0 0.43509615384615385 0.08533653846153846 0.018028846153846152 0.08774038461538461
0 0.4519230769230769 0.09134615384615384 0.027644230769230768 0.07451923076923077
0 0.46153846153846156 0.22235576923076922 0.037259615384615384 0.09254807692307693
0 0.47836538461538464 0.10336538461538461 0.025240384615384616 0.0673076923076923
0 0.49399038461538464 0.29086538461538464 0.055288461538461536 0.13581730769230768
0 0.5697115384615384 0.5444711538461539 0.16826923076923078 0.42788461538461536
0 0.5024038461538461 0.22115384615384615 0.03245192307692308 0.08173076923076923
0 0.5444711538461539 0.26802884615384615 0.04447115384615385 0.11177884615384616
0 0.5793269230769231 0.33653846153846156 0.038461538461538464 0.12980769230769232
0 0.6646634615384616 0.5204326923076923 0.20552884615384615 0.37740384615384615
0 0.6225961538461539 0.30408653846153844 0.055288461538461536 0.140625
0 0.6887019230769231 0.5048076923076923 0.13822115384615385 0.3173076923076923
0 0.6742788461538461 0.29086538461538464 0.038461538461538464 0.08173076923076923
0 0.6790865384615384 0.234375 0.028846153846153848 0.051682692307692304
0 0.7307692307692307 0.49759615384615385 0.13221153846153846 0.3016826923076923
0 0.7283653846153846 0.38461538461538464 0.078125 0.19230769230769232
0 0.7139423076923077 0.2608173076923077 0.018028846153846152 0.04807692307692308
0 0.7415865384615384 0.3557692307692308 0.04927884615384615 0.1466346153846154
0 0.828125 0.4519230769230769 0.10817307692307693 0.2536057692307692
0 0.8581730769230769 0.4519230769230769 0.10697115384615384 0.21875
0 0.8341346153846154 0.25600961538461536 0.054086538461538464 0.10697115384615384
0 0.8846153846153846 0.4423076923076923 0.10817307692307693 0.19591346153846154
0 0.8774038461538461 0.2764423076923077 0.04447115384615385 0.10096153846153846
0 0.9675480769230769 0.32572115384615385 0.04567307692307692 0.125