0 0.4831730769230769 0.53125 0.11899038461538461 0.3269230769230769
0 0.7451923076923077 0.47475961538461536 0.03365384615384615 0.056490384615384616
0 0.7908653846153846 0.4723557692307692 0.028846153846153848 0.10697115384615384
0 0.8100961538461539 0.48197115384615385 0.036057692307692304 0.11899038461538461
0 0.8485576923076923 0.5120192307692307 0.015625 0.08774038461538461
0 0.8629807692307693 0.4891826923076923 0.040865384615384616 0.14182692307692307
0 0.9038461538461539 0.4423076923076923 0.028846153846153848 0.04807692307692308
0 0.9146634615384616 0.4963942307692308 0.040865384615384616 0.13942307692307693
0 0.9435096153846154 0.49759615384615385 0.026442307692307692 0.12740384615384615
0 0.9651442307692307 0.484375 0.037259615384615384 0.14543269230769232
0 0.9915865384615384 0.4795673076923077 0.013221153846153846 0.13942307692307693