0 0.021634615384615384 0.59375 0.03485576923076923 0.03125
0 0.03245192307692308 0.6394230769230769 0.027644230769230768 0.038461538461538464
0 0.06009615384615385 0.6754807692307693 0.05889423076923077 0.036057692307692304
0 0.051682692307692304 0.5889423076923077 0.020432692307692308 0.036057692307692304
0 0.10096153846153846 0.7884615384615384 0.09134615384615384 0.15865384615384615
0 0.11177884615384616 0.5516826923076923 0.030048076923076924 0.04567307692307692
0 0.12259615384615384 0.6754807692307693 0.03485576923076923 0.04807692307692308
0 0.12860576923076922 0.5336538461538461 0.018028846153846152 0.03485576923076923
0 0.1346153846153846 0.5985576923076923 0.02403846153846154 0.02403846153846154
0 0.14783653846153846 0.6382211538461539 0.027644230769230768 0.036057692307692304
0 0.15985576923076922 0.6923076923076923 0.051682692307692304 0.06370192307692307
0 0.15745192307692307 0.6129807692307693 0.03245192307692308 0.03245192307692308
0 0.17668269230769232 0.59375 0.021634615384615384 0.03245192307692308
0 0.2620192307692308 0.8209134615384616 0.1310096153846154 0.18269230769230768
0 0.22235576923076922 0.6081730769230769 0.020432692307692308 0.027644230769230768
0 0.23677884615384615 0.6862980769230769 0.042067307692307696 0.07692307692307693
0 0.23557692307692307 0.6418269230769231 0.025240384615384616 0.025240384615384616
0 0.24519230769230768 0.546875 0.01201923076923077 0.019230769230769232
0 0.24759615384615385 0.5721153846153846 0.01201923076923077 0.019230769230769232
0 0.25600961538461536 0.41225961538461536 0.030048076923076924 0.0829326923076923
0 0.34134615384615385 0.7620192307692307 0.171875 0.18629807692307693
0 0.2692307692307692 0.5540865384615384 0.018028846153846152 0.025240384615384616
0 0.28725961538461536 0.6466346153846154 0.036057692307692304 0.04567307692307692
0 0.2920673076923077 0.4170673076923077 0.02283653846153846 0.07091346153846154
0 0.31490384615384615 0.6899038461538461 0.042067307692307696 0.07932692307692307
0 0.3317307692307692 0.6454326923076923 0.030048076923076924 0.042067307692307696
0 0.35096153846153844 0.6105769230769231 0.02283653846153846 0.040865384615384616
0 0.3701923076923077 0.6862980769230769 0.05889423076923077 0.10096153846153846
0 0.38461538461538464 0.6598557692307693 0.040865384615384616 0.08653846153846154
0 0.42908653846153844 0.6959134615384616 0.06610576923076923 0.28125
0 0.4362980769230769 0.6610576923076923 0.052884615384615384 0.23076923076923078
0 0.4579326923076923 0.5576923076923077 0.020432692307692308 0.04927884615384615
0 0.4831730769230769 0.6574519230769231 0.055288461538461536 0.234375
0 0.4987980769230769 0.5024038461538461 0.02283653846153846 0.09735576923076923
0 0.5132211538461539 0.6069711538461539 0.04447115384615385 0.18509615384615385
0 0.5276442307692307 0.5036057692307693 0.016826923076923076 0.08774038461538461
0 0.53125 0.5444711538461539 0.015625 0.019230769230769232
0 0.5757211538461539 0.6310096153846154 0.018028846153846152 0.03245192307692308
0 0.6033653846153846 0.6165865384615384 0.026442307692307692 0.04326923076923077
0 0.6237980769230769 0.6213942307692307 0.039663461538461536 0.07572115384615384
0 0.6694711538461539 0.7920673076923077 0.0889423076923077 0.21153846153846154
0 0.6502403846153846 0.5757211538461539 0.013221153846153846 0.019230769230769232
0 0.6814903846153846 0.6430288461538461 0.040865384615384616 0.06971153846153846
0 0.7223557692307693 0.6778846153846154 0.039663461538461536 0.0673076923076923
0 0.71875 0.6358173076923077 0.02403846153846154 0.040865384615384616
0 0.7163461538461539 0.5384615384615384 0.016826923076923076 0.014423076923076924
0 0.7175480769230769 0.5600961538461539 0.013221153846153846 0.02403846153846154
0 0.7427884615384616 0.5901442307692307 0.021634615384615384 0.028846153846153848
0 0.75 0.5516826923076923 0.01201923076923077 0.019230769230769232
0 0.765625 0.6706730769230769 0.040865384615384616 0.08774038461538461
0 0.8100961538461539 0.8004807692307693 0.10096153846153846 0.18990384615384615
0 0.8173076923076923 0.6526442307692307 0.04567307692307692 0.0673076923076923
0 0.9110576923076923 0.8461538461538461 0.17668269230769232 0.2608173076923077
0 0.8533653846153846 0.5528846153846154 0.014423076923076924 0.021634615384615384
0 0.8581730769230769 0.6021634615384616 0.021634615384615384 0.03485576923076923
0 0.859375 0.5252403846153846 0.021634615384615384 0.04567307692307692
0 0.9278846153846154 0.5961538461538461 0.020432692307692308 0.02403846153846154
0 0.9723557692307693 0.5769230769230769 0.016826923076923076 0.030048076923076924
0 0.9879807692307693 0.5901442307692307 0.021634615384615384 0.03245192307692308