0 0.2764423076923077 0.7584134615384616 0.11658653846153846 0.4423076923076923
0 0.2512019230769231 0.27524038461538464 0.06370192307692307 0.4423076923076923
0 0.31490384615384615 0.29086538461538464 0.14783653846153846 0.4807692307692308
0 0.3942307692307692 0.7608173076923077 0.11538461538461539 0.43509615384615385
0 0.38100961538461536 0.30408653846153844 0.06129807692307692 0.4495192307692308
0 0.4543269230769231 0.2800480769230769 0.078125 0.36899038461538464
0 0.5072115384615384 0.3161057692307692 0.16466346153846154 0.4050480769230769
0 0.5132211538461539 0.7524038461538461 0.11057692307692307 0.4338942307692308
0 0.5661057692307693 0.25 0.06370192307692307 0.28365384615384615
0 0.6394230769230769 0.7560096153846154 0.10576923076923077 0.42427884615384615
0 0.6935096153846154 0.30528846153846156 0.171875 0.4411057692307692
0 0.6382211538461539 0.24158653846153846 0.06009615384615385 0.3329326923076923
0 0.7415865384615384 0.7572115384615384 0.08533653846153846 0.40625
0 0.7512019230769231 0.19230769230769232 0.05889423076923077 0.22596153846153846