0 0.5072115384615384 0.7956730769230769 0.078125 0.3112980769230769
0 0.0625 0.6117788461538461 0.03245192307692308 0.07932692307692307
0 0.21153846153846154 0.625 0.05048076923076923 0.11899038461538461
0 0.24519230769230768 0.6610576923076923 0.07451923076923077 0.18870192307692307
0 0.29447115384615385 0.6117788461538461 0.039663461538461536 0.08653846153846154
0 0.32091346153846156 0.6165865384615384 0.027644230769230768 0.0733173076923077
0 0.37740384615384615 0.6237980769230769 0.052884615384615384 0.09014423076923077
0 0.578125 0.6165865384615384 0.013221153846153846 0.054086538461538464
0 0.7475961538461539 0.6225961538461539 0.03365384615384615 0.09975961538461539
0 0.9326923076923077 0.6382211538461539 0.03485576923076923 0.09975961538461539
0 0.984375 0.6286057692307693 0.026442307692307692 0.06490384615384616