0 0.18509615384615385 0.3942307692307692 0.09495192307692307 0.3581730769230769
0 0.05048076923076923 0.4723557692307692 0.052884615384615384 0.21153846153846154
0 0.09014423076923077 0.5240384615384616 0.02403846153846154 0.07692307692307693
0 0.09134615384615384 0.47475961538461536 0.019230769230769232 0.03245192307692308
0 0.12139423076923077 0.5252403846153846 0.028846153846153848 0.09014423076923077
0 0.11778846153846154 0.47115384615384615 0.009615384615384616 0.018028846153846152
0 0.15625 0.49158653846153844 0.018028846153846152 0.030048076923076924
0 0.3076923076923077 0.49399038461538464 0.03485576923076923 0.15625
0 0.33052884615384615 0.5216346153846154 0.016826923076923076 0.038461538461538464
0 0.35336538461538464 0.515625 0.020432692307692308 0.04807692307692308
0 0.36658653846153844 0.46274038461538464 0.04567307692307692 0.25
0 0.4014423076923077 0.44591346153846156 0.03365384615384615 0.24158653846153846
0 0.47596153846153844 0.3713942307692308 0.15264423076923078 0.47475961538461536
0 0.46274038461538464 0.5240384615384616 0.02403846153846154 0.11899038461538461