0 0.08774038461538461 0.6189903846153846 0.04567307692307692 0.15865384615384615
0 0.18629807692307693 0.5961538461538461 0.028846153846153848 0.16346153846153846
0 0.25721153846153844 0.6322115384615384 0.030048076923076924 0.18629807692307693
0 0.3581730769230769 0.6286057692307693 0.040865384615384616 0.18990384615384615
0 0.43028846153846156 0.6550480769230769 0.04567307692307692 0.18990384615384615
0 0.5745192307692307 0.6129807692307693 0.25240384615384615 0.2247596153846154
0 0.7211538461538461 0.6057692307692307 0.039663461538461536 0.1466346153846154
0 0.7740384615384616 0.5841346153846154 0.037259615384615384 0.1658653846153846
0 0.8125 0.6201923076923077 0.055288461538461536 0.22115384615384615
0 0.8774038461538461 0.6225961538461539 0.055288461538461536 0.2127403846153846
0 0.9110576923076923 0.5949519230769231 0.03365384615384615 0.12379807692307693
0 0.9387019230769231 0.5829326923076923 0.03245192307692308 0.1502403846153846
0 0.9807692307692307 0.6033653846153846 0.03365384615384615 0.15865384615384615