0 0.06009615384615385 0.6875 0.06610576923076923 0.3870192307692308
0 0.10817307692307693 0.5144230769230769 0.08653846153846154 0.11778846153846154
0 0.11658653846153846 0.6911057692307693 0.052884615384615384 0.3942307692307692
0 0.15625 0.7235576923076923 0.06490384615384616 0.390625
0 0.21995192307692307 0.7427884615384616 0.11538461538461539 0.38221153846153844
0 0.203125 0.6454326923076923 0.07211538461538461 0.3713942307692308
0 0.25600961538461536 0.6129807692307693 0.0673076923076923 0.3786057692307692
0 0.3112980769230769 0.7463942307692307 0.09134615384615384 0.38100961538461536
0 0.3942307692307692 0.7403846153846154 0.07932692307692307 0.4026442307692308
0 0.40384615384615385 0.6057692307692307 0.078125 0.3581730769230769
0 0.47596153846153844 0.7211538461538461 0.078125 0.4170673076923077
0 0.47716346153846156 0.5985576923076923 0.07692307692307693 0.3293269230769231
0 0.5564903846153846 0.7175480769230769 0.07572115384615384 0.390625
0 0.5625 0.5829326923076923 0.08173076923076923 0.3485576923076923
0 0.6322115384615384 0.7043269230769231 0.11298076923076923 0.3894230769230769
0 0.6478365384615384 0.59375 0.09014423076923077 0.33653846153846156
0 0.7247596153846154 0.47836538461538464 0.09254807692307693 0.140625
0 0.7307692307692307 0.6911057692307693 0.08173076923076923 0.39903846153846156
0 0.7776442307692307 0.6742788461538461 0.07572115384615384 0.3798076923076923
0 0.8173076923076923 0.5865384615384616 0.054086538461538464 0.3858173076923077
0 0.8617788461538461 0.6105769230769231 0.057692307692307696 0.36538461538461536
0 0.8990384615384616 0.6634615384615384 0.06971153846153846 0.3918269230769231
0 0.9350961538461539 0.5997596153846154 0.08413461538461539 0.4735576923076923
0 0.9254807692307693 0.4579326923076923 0.02403846153846154 0.07211538461538461