0 0.038461538461538464 0.6274038461538461 0.07692307692307693 0.390625
0 0.09615384615384616 0.6430288461538461 0.16346153846153846 0.5120192307692307
0 0.17307692307692307 0.6262019230769231 0.10576923076923077 0.34975961538461536
0 0.2127403846153846 0.5985576923076923 0.07451923076923077 0.29447115384615385
0 0.2860576923076923 0.6274038461538461 0.13581730769230768 0.4639423076923077
0 0.3137019230769231 0.6899038461538461 0.06490384615384616 0.14182692307692307
0 0.40024038461538464 0.59375 0.036057692307692304 0.25721153846153844
0 0.41586538461538464 0.5985576923076923 0.055288461538461536 0.30649038461538464
0 0.4651442307692308 0.6274038461538461 0.08653846153846154 0.3942307692307692
0 0.4735576923076923 0.5925480769230769 0.038461538461538464 0.25600961538461536
0 0.5204326923076923 0.5985576923076923 0.052884615384615384 0.2800480769230769
0 0.5300480769230769 0.5865384615384616 0.028846153846153848 0.23317307692307693
0 0.578125 0.6069711538461539 0.06490384615384616 0.3737980769230769
0 0.6262019230769231 0.6057692307692307 0.04447115384615385 0.2439903846153846
0 0.6490384615384616 0.5913461538461539 0.0673076923076923 0.3641826923076923
0 0.6730769230769231 0.5973557692307693 0.03365384615384615 0.23076923076923078
0 0.6983173076923077 0.6009615384615384 0.06971153846153846 0.3112980769230769
0 0.7199519230769231 0.4807692307692308 0.030048076923076924 0.06009615384615385
0 0.7632211538461539 0.5973557692307693 0.078125 0.31490384615384615
0 0.7692307692307693 0.4807692307692308 0.010817307692307692 0.028846153846153848
0 0.8221153846153846 0.5817307692307693 0.08052884615384616 0.3076923076923077
0 0.8677884615384616 0.5805288461538461 0.07932692307692307 0.28365384615384615
0 0.9074519230769231 0.5805288461538461 0.078125 0.24759615384615385
0 0.9555288461538461 0.5829326923076923 0.06129807692307692 0.2439903846153846
0 0.9867788461538461 0.5576923076923077 0.02403846153846154 0.15865384615384615