0 0.14423076923076922 0.4579326923076923 0.028846153846153848 0.10817307692307693
0 0.16346153846153846 0.4675480769230769 0.025240384615384616 0.08533653846153846
0 0.1814903846153846 0.47115384615384615 0.025240384615384616 0.08173076923076923
0 0.22355769230769232 0.5 0.030048076923076924 0.13822115384615385
0 0.2608173076923077 0.578125 0.03125 0.171875
0 0.2860576923076923 0.5757211538461539 0.02403846153846154 0.13581730769230768
0 0.31850961538461536 0.6262019230769231 0.03245192307692308 0.08653846153846154
0 0.3641826923076923 0.609375 0.03125 0.15865384615384615
0 0.3894230769230769 0.6177884615384616 0.03365384615384615 0.16826923076923078
0 0.41947115384615385 0.6153846153846154 0.039663461538461536 0.16947115384615385
0 0.45913461538461536 0.6394230769230769 0.03365384615384615 0.17307692307692307
0 0.46274038461538464 0.5288461538461539 0.019230769230769232 0.057692307692307696
0 0.4807692307692308 0.5324519230769231 0.020432692307692308 0.051682692307692304
0 0.5 0.7524038461538461 0.06009615384615385 0.23918269230769232
0 0.5540865384615384 0.6490384615384616 0.038461538461538464 0.15985576923076922
0 0.5829326923076923 0.5456730769230769 0.019230769230769232 0.06009615384615385
0 0.609375 0.5516826923076923 0.016826923076923076 0.051682692307692304
0 0.6334134615384616 0.7884615384615384 0.05889423076923077 0.22956730769230768
0 0.6346153846153846 0.5721153846153846 0.021634615384615384 0.051682692307692304