0 0.671875 0.31971153846153844 0.10697115384615384 0.23197115384615385
0 0.0733173076923077 0.33774038461538464 0.12740384615384615 0.16706730769230768
0 0.16466346153846154 0.2920673076923077 0.10697115384615384 0.07211538461538461
0 0.2848557692307692 0.49038461538461536 0.2644230769230769 0.37259615384615385
0 0.23197115384615385 0.23918269230769232 0.03485576923076923 0.04567307692307692
0 0.30288461538461536 0.2956730769230769 0.06971153846153846 0.109375
0 0.3137019230769231 0.22716346153846154 0.030048076923076924 0.0673076923076923
0 0.3449519230769231 0.25721153846153844 0.06129807692307692 0.07451923076923077
0 0.4543269230769231 0.3762019230769231 0.12740384615384615 0.21153846153846154
0 0.46634615384615385 0.28846153846153844 0.08173076923076923 0.09014423076923077
0 0.4879807692307692 0.24759615384615385 0.046875 0.09495192307692307
0 0.5564903846153846 0.21995192307692307 0.03365384615384615 0.08052884615384616
0 0.5901442307692307 0.23076923076923078 0.055288461538461536 0.07932692307692307
0 0.6129807692307693 0.2620192307692308 0.08173076923076923 0.11298076923076923
0 0.828125 0.6598557692307693 0.3425480769230769 0.6009615384615384
0 0.7992788461538461 0.31009615384615385 0.17067307692307693 0.17067307692307693
0 0.7764423076923077 0.24759615384615385 0.08052884615384616 0.109375
0 0.8942307692307693 0.25721153846153844 0.08653846153846154 0.11298076923076923
0 0.8786057692307693 0.1875 0.03365384615384615 0.040865384615384616
0 0.9615384615384616 0.2644230769230769 0.07572115384615384 0.15985576923076922