0 0.28365384615384615 0.5048076923076923 0.04927884615384615 0.1466346153846154
0 0.01201923076923077 0.23798076923076922 0.021634615384615384 0.046875
0 0.10336538461538461 0.34615384615384615 0.14903846153846154 0.07932692307692307
0 0.14302884615384615 0.27283653846153844 0.20552884615384615 0.07932692307692307
0 0.22355769230769232 0.21875 0.18509615384615385 0.07932692307692307
0 0.1971153846153846 0.3629807692307692 0.03245192307692308 0.1045673076923077
0 0.3076923076923077 0.3701923076923077 0.18870192307692307 0.08533653846153846
0 0.2704326923076923 0.27524038461538464 0.02403846153846154 0.054086538461538464
0 0.421875 0.3701923076923077 0.01201923076923077 0.04807692307692308
0 0.47115384615384615 0.38822115384615385 0.078125 0.054086538461538464
0 0.5132211538461539 0.5420673076923077 0.052884615384615384 0.2704326923076923
0 0.5528846153846154 0.48197115384615385 0.028846153846153848 0.12259615384615384
0 0.6117788461538461 0.5072115384615384 0.037259615384615384 0.15384615384615385
0 0.6742788461538461 0.4411057692307692 0.015625 0.040865384615384616
0 0.7836538461538461 0.5384615384615384 0.0673076923076923 0.18990384615384615