0 0.6418269230769231 0.5348557692307693 0.06971153846153846 0.2644230769230769
0 0.04807692307692308 0.5408653846153846 0.09254807692307693 0.2403846153846154
0 0.12980769230769232 0.5240384615384616 0.06490384615384616 0.23197115384615385
0 0.20793269230769232 0.5396634615384616 0.052884615384615384 0.23798076923076922
0 0.25721153846153844 0.5444711538461539 0.06610576923076923 0.16947115384615385
0 0.359375 0.5492788461538461 0.07932692307692307 0.16346153846153846
0 0.4266826923076923 0.5384615384615384 0.08173076923076923 0.18629807692307693
0 0.4338942307692308 0.5637019230769231 0.05048076923076923 0.15504807692307693
0 0.5048076923076923 0.5528846153846154 0.06610576923076923 0.17548076923076922
0 0.6490384615384616 0.5072115384615384 0.020432692307692308 0.10697115384615384
0 0.8641826923076923 0.5480769230769231 0.07932692307692307 0.2620192307692308