0 0.3137019230769231 0.5036057692307693 0.0985576923076923 0.24158653846153846
0 0.4230769230769231 0.33413461538461536 0.8137019230769231 0.12139423076923077
0 0.052884615384615384 0.2620192307692308 0.027644230769230768 0.05889423076923077
0 0.15625 0.36538461538461536 0.056490384615384616 0.09254807692307693
0 0.18509615384615385 0.4026442307692308 0.08413461538461539 0.13341346153846154
0 0.25 0.4651442307692308 0.10096153846153846 0.15865384615384615
0 0.2512019230769231 0.3317307692307692 0.040865384615384616 0.08173076923076923
0 0.3269230769230769 0.3557692307692308 0.03485576923076923 0.0733173076923077
0 0.3557692307692308 0.359375 0.030048076923076924 0.07572115384615384
0 0.3858173076923077 0.3798076923076923 0.06490384615384616 0.0985576923076923
0 0.4026442307692308 0.5721153846153846 0.09975961538461539 0.3269230769230769
0 0.4543269230769231 0.59375 0.1622596153846154 0.3161057692307692
0 0.4338942307692308 0.39302884615384615 0.055288461538461536 0.09495192307692307
0 0.5204326923076923 0.6814903846153846 0.15144230769230768 0.3581730769230769
0 0.47716346153846156 0.4254807692307692 0.056490384615384616 0.12740384615384615
0 0.5228365384615384 0.4338942307692308 0.06009615384615385 0.13581730769230768
0 0.5697115384615384 0.44591346153846156 0.07572115384615384 0.1502403846153846
0 0.6634615384615384 0.8173076923076923 0.2403846153846154 0.3641826923076923
0 0.6213942307692307 0.4026442307692308 0.055288461538461536 0.09014423076923077
0 0.640625 0.48677884615384615 0.09014423076923077 0.1502403846153846
0 0.6802884615384616 0.41947115384615385 0.051682692307692304 0.10576923076923077
0 0.7175480769230769 0.515625 0.1045673076923077 0.19110576923076922
0 0.6995192307692307 0.3786057692307692 0.042067307692307696 0.07451923076923077
0 0.7439903846153846 0.43149038461538464 0.042067307692307696 0.11658653846153846
0 0.8149038461538461 0.6466346153846154 0.1141826923076923 0.3713942307692308
0 0.8088942307692307 0.4543269230769231 0.07091346153846154 0.1310096153846154
0 0.8605769230769231 0.4206730769230769 0.054086538461538464 0.09495192307692307
0 0.890625 0.47596153846153844 0.0733173076923077 0.13701923076923078
0 0.8966346153846154 0.390625 0.04807692307692308 0.07211538461538461
0 0.9314903846153846 0.43990384615384615 0.04927884615384615 0.11057692307692307
0 0.96875 0.46274038461538464 0.057692307692307696 0.19831730769230768