0 0.30528846153846156 0.6165865384615384 0.08774038461538461 0.375
0 0.32211538461538464 0.40625 0.09014423076923077 0.23197115384615385
0 0.3485576923076923 0.36538461538461536 0.04927884615384615 0.11658653846153846
0 0.3858173076923077 0.5877403846153846 0.09254807692307693 0.5552884615384616
0 0.44471153846153844 0.53125 0.09014423076923077 0.5120192307692307
0 0.4795673076923077 0.6802884615384616 0.07932692307692307 0.2704326923076923
0 0.47115384615384615 0.49399038461538464 0.039663461538461536 0.27283653846153844
0 0.5637019230769231 0.6658653846153846 0.11778846153846154 0.26322115384615385
0 0.5420673076923077 0.41586538461538464 0.06971153846153846 0.13341346153846154
0 0.5492788461538461 0.5060096153846154 0.07692307692307693 0.19831730769230768
0 0.5805288461538461 0.6610576923076923 0.12860576923076922 0.24639423076923078
0 0.578125 0.4855769230769231 0.038461538461538464 0.16466346153846154
0 0.6177884615384616 0.49399038461538464 0.06009615384615385 0.20552884615384615
0 0.671875 0.6574519230769231 0.09615384615384616 0.23197115384615385
0 0.640625 0.4375 0.015625 0.040865384615384616
0 0.6742788461538461 0.4963942307692308 0.06370192307692307 0.19230769230769232
0 0.6983173076923077 0.4987980769230769 0.052884615384615384 0.24519230769230768
0 0.7331730769230769 0.6346153846153846 0.07451923076923077 0.22596153846153846
0 0.7295673076923077 0.4230769230769231 0.03245192307692308 0.09254807692307693
0 0.75 0.49399038461538464 0.06610576923076923 0.2247596153846154
0 0.8100961538461539 0.6490384615384616 0.07692307692307693 0.2247596153846154
0 0.8040865384615384 0.5360576923076923 0.055288461538461536 0.20192307692307693
0 0.8425480769230769 0.44471153846153844 0.04447115384615385 0.1045673076923077
0 0.8545673076923077 0.5300480769230769 0.06370192307692307 0.1622596153846154
0 0.8569711538461539 0.640625 0.06610576923076923 0.12980769230769232
0 0.890625 0.4543269230769231 0.07211538461538461 0.2512019230769231
0 0.9146634615384616 0.6598557692307693 0.078125 0.21153846153846154
0 0.9447115384615384 0.515625 0.056490384615384616 0.23197115384615385