0 0.010817307692307692 0.6850961538461539 0.020432692307692308 0.08533653846153846
0 0.020432692307692308 0.8028846153846154 0.040865384615384616 0.1141826923076923
0 0.014423076923076924 0.6574519230769231 0.027644230769230768 0.06490384615384616
0 0.026442307692307692 0.7560096153846154 0.040865384615384616 0.10216346153846154
0 0.07211538461538461 0.6862980769230769 0.03245192307692308 0.10576923076923077
0 0.07692307692307693 0.4170673076923077 0.025240384615384616 0.054086538461538464
0 0.0889423076923077 0.7956730769230769 0.04447115384615385 0.125
0 0.08413461538461539 0.49038461538461536 0.018028846153846152 0.08774038461538461
0 0.09375 0.4951923076923077 0.013221153846153846 0.09254807692307693
0 0.12620192307692307 0.7716346153846154 0.06009615384615385 0.12860576923076922
0 0.11899038461538461 0.4387019230769231 0.030048076923076924 0.09615384615384616
0 0.22716346153846154 0.4567307692307692 0.17427884615384615 0.18389423076923078
0 0.16947115384615385 0.6899038461538461 0.036057692307692304 0.10817307692307693
0 0.17427884615384615 0.6971153846153846 0.03365384615384615 0.10336538461538461
0 0.44591346153846156 0.5853365384615384 0.5144230769230769 0.3137019230769231
0 0.23677884615384615 0.6995192307692307 0.03245192307692308 0.11177884615384616
0 0.2548076923076923 0.6754807692307693 0.025240384615384616 0.10576923076923077
0 0.33052884615384615 0.39903846153846156 0.02403846153846154 0.09495192307692307
0 0.6658653846153846 0.8473557692307693 0.6658653846153846 0.3016826923076923
0 0.3557692307692308 0.4014423076923077 0.021634615384615384 0.08533653846153846
0 0.4326923076923077 0.42427884615384615 0.1141826923076923 0.15384615384615385
0 0.5204326923076923 0.41466346153846156 0.02403846153846154 0.08774038461538461
0 0.5324519230769231 0.3557692307692308 0.016826923076923076 0.040865384615384616
0 0.5360576923076923 0.40865384615384615 0.014423076923076924 0.08173076923076923
0 0.5480769230769231 0.40865384615384615 0.025240384615384616 0.07932692307692307
0 0.5673076923076923 0.4074519230769231 0.021634615384615384 0.078125
0 0.7091346153846154 0.49038461538461536 0.019230769230769232 0.07451923076923077
0 0.7175480769230769 0.5492788461538461 0.028846153846153848 0.09615384615384616
0 0.7211538461538461 0.4879807692307692 0.02403846153846154 0.057692307692307696
0 0.7451923076923077 0.5588942307692307 0.018028846153846152 0.09254807692307693
0 0.8040865384615384 0.5444711538461539 0.02403846153846154 0.08533653846153846
0 0.90625 0.546875 0.18509615384615385 0.18269230769230768