0 0.1814903846153846 0.9146634615384616 0.06971153846153846 0.16947115384615385
0 0.17067307692307693 0.7908653846153846 0.04447115384615385 0.19110576923076922
0 0.21033653846153846 0.7920673076923077 0.037259615384615384 0.171875
0 0.24759615384615385 0.9206730769230769 0.08052884615384616 0.15745192307692307
0 0.27163461538461536 0.8016826923076923 0.04807692307692308 0.17067307692307693
0 0.34375 0.7596153846153846 0.02403846153846154 0.10817307692307693
0 0.375 0.7584134615384616 0.02403846153846154 0.11899038461538461
0 0.4375 0.7307692307692307 0.016826923076923076 0.06610576923076923
0 0.4567307692307692 0.734375 0.007211538461538462 0.057692307692307696
0 0.46875 0.71875 0.004807692307692308 0.038461538461538464
0 0.47836538461538464 0.7163461538461539 0.001201923076923077 0.03365384615384615
0 0.49399038461538464 0.7175480769230769 0.007211538461538462 0.025240384615384616
0 0.5036057692307693 0.6682692307692307 0.006009615384615385 0.027644230769230768
0 0.5060096153846154 0.71875 0.006009615384615385 0.036057692307692304
0 0.5132211538461539 0.7223557692307693 0.009615384615384616 0.06850961538461539
0 0.5204326923076923 0.6658653846153846 0.004807692307692308 0.020432692307692308
0 0.5420673076923077 0.7475961538461539 0.036057692307692304 0.11778846153846154
0 0.5709134615384616 0.7247596153846154 0.028846153846153848 0.08052884615384616
0 0.5913461538461539 0.7836538461538461 0.04927884615384615 0.2091346153846154
0 0.6346153846153846 0.7836538461538461 0.03365384615384615 0.1971153846153846
0 0.6658653846153846 0.7560096153846154 0.03365384615384615 0.1466346153846154
0 0.7139423076923077 0.7908653846153846 0.06971153846153846 0.20072115384615385
0 0.6947115384615384 0.7536057692307693 0.02403846153846154 0.13581730769230768
0 0.7379807692307693 0.7175480769230769 0.004807692307692308 0.026442307692307692
0 0.7584134615384616 0.7524038461538461 0.02403846153846154 0.10576923076923077
0 0.9338942307692307 0.765625 0.06370192307692307 0.1622596153846154
0 0.9555288461538461 0.8125 0.08653846153846154 0.3737980769230769
0 0.9350961538461539 0.6983173076923077 0.007211538461538462 0.020432692307692308