0 0.2644230769230769 0.7956730769230769 0.24519230769230768 0.4074519230769231
0 0.078125 0.7463942307692307 0.15504807692307693 0.37259615384615385
0 0.5 0.6117788461538461 0.9987980769230769 0.765625
0 0.2403846153846154 0.48197115384615385 0.07932692307692307 0.1778846153846154
0 0.37740384615384615 0.5925480769230769 0.11778846153846154 0.22235576923076922
0 0.47115384615384615 0.44591346153846156 0.04447115384615385 0.27403846153846156
0 0.6225961538461539 0.5024038461538461 0.09495192307692307 0.24158653846153846
0 0.7211538461538461 0.8149038461538461 0.2920673076923077 0.36658653846153844
0 0.7788461538461539 0.2403846153846154 0.030048076923076924 0.051682692307692304
0 0.8257211538461539 0.2283653846153846 0.039663461538461536 0.07451923076923077
0 0.9026442307692307 0.6213942307692307 0.171875 0.3389423076923077
0 0.8930288461538461 0.21514423076923078 0.04447115384615385 0.07451923076923077