0 0.7139423076923077 0.7439903846153846 0.08774038461538461 0.11899038461538461
0 0.31971153846153844 0.7644230769230769 0.45072115384615385 0.20192307692307693
0 0.6466346153846154 0.7079326923076923 0.03365384615384615 0.07692307692307693
0 0.6850961538461539 0.7079326923076923 0.042067307692307696 0.0733173076923077
0 0.7259615384615384 0.7055288461538461 0.036057692307692304 0.04927884615384615
0 0.7680288461538461 0.6947115384615384 0.046875 0.06009615384615385
0 0.796875 0.6995192307692307 0.04447115384615385 0.06971153846153846
0 0.8377403846153846 0.7596153846153846 0.055288461538461536 0.19110576923076922
0 0.8401442307692307 0.6814903846153846 0.056490384615384616 0.051682692307692304
0 0.8389423076923077 0.6466346153846154 0.03365384615384615 0.07932692307692307
0 0.8725961538461539 0.703125 0.04927884615384615 0.08052884615384616
0 0.9014423076923077 0.7668269230769231 0.06971153846153846 0.18990384615384615
0 0.8858173076923077 0.6550480769230769 0.037259615384615384 0.0733173076923077
0 0.921875 0.7139423076923077 0.037259615384615384 0.07572115384615384
0 0.9423076923076923 0.7055288461538461 0.06009615384615385 0.06610576923076923
0 0.9543269230769231 0.671875 0.037259615384615384 0.12259615384615384
0 0.9879807692307693 0.6670673076923077 0.020432692307692308 0.125