0 0.11177884615384616 0.3004807692307692 0.04927884615384615 0.16826923076923078
0 0.1622596153846154 0.22235576923076922 0.03485576923076923 0.07211538461538461
0 0.21153846153846154 0.20192307692307693 0.036057692307692304 0.13341346153846154
0 0.23677884615384615 0.23197115384615385 0.014423076923076924 0.06610576923076923
0 0.25600961538461536 0.21634615384615385 0.021634615384615384 0.05889423076923077
0 0.27884615384615385 0.25841346153846156 0.025240384615384616 0.11658653846153846
0 0.30528846153846156 0.23918269230769232 0.013221153846153846 0.04567307692307692
0 0.35096153846153844 0.22235576923076922 0.014423076923076924 0.042067307692307696
0 0.3701923076923077 0.21033653846153846 0.014423076923076924 0.027644230769230768
0 0.46153846153846156 0.23197115384615385 0.03365384615384615 0.12860576923076922
0 0.5084134615384616 0.23677884615384615 0.03245192307692308 0.09134615384615384
0 0.5673076923076923 0.2776442307692308 0.04567307692307692 0.06009615384615385
0 0.5805288461538461 0.23798076923076922 0.03365384615384615 0.07932692307692307
0 0.6141826923076923 0.2439903846153846 0.03245192307692308 0.11658653846153846
0 0.6430288461538461 0.24278846153846154 0.04447115384615385 0.15504807692307693
0 0.6778846153846154 0.2091346153846154 0.039663461538461536 0.08774038461538461
0 0.7055288461538461 0.18028846153846154 0.08653846153846154 0.2403846153846154
0 0.7475961538461539 0.1935096153846154 0.08653846153846154 0.30408653846153844
0 0.9014423076923077 0.27163461538461536 0.036057692307692304 0.13221153846153846
0 0.9495192307692307 0.3004807692307692 0.057692307692307696 0.15865384615384615