0 0.008413461538461538 0.04567307692307692 0.016826923076923076 0.09134615384615384
0 0.05048076923076923 0.4074519230769231 0.09254807692307693 0.056490384615384616
0 0.038461538461538464 0.06490384615384616 0.04807692307692308 0.12980769230769232
0 0.037259615384615384 0.21875 0.03365384615384615 0.08052884615384616
0 0.14543269230769232 0.3016826923076923 0.04927884615384615 0.2764423076923077
0 0.15504807692307693 0.390625 0.042067307692307696 0.10216346153846154
0 0.203125 0.3125 0.0829326923076923 0.2620192307692308
0 0.22355769230769232 0.35096153846153844 0.06850961538461539 0.17307692307692307
0 0.23197115384615385 0.19951923076923078 0.038461538461538464 0.10697115384615384
0 0.34375 0.6875 0.24158653846153846 0.6213942307692307
0 0.30649038461538464 0.3004807692307692 0.14423076923076922 0.2692307692307692
0 0.2620192307692308 0.38461538461538464 0.027644230769230768 0.06610576923076923
0 0.3329326923076923 0.1658653846153846 0.07451923076923077 0.3317307692307692
0 0.421875 0.3317307692307692 0.14302884615384615 0.22235576923076922
0 0.3786057692307692 0.38822115384615385 0.030048076923076924 0.11057692307692307
0 0.4170673076923077 0.15985576923076922 0.07932692307692307 0.2620192307692308
0 0.48197115384615385 0.3329326923076923 0.04927884615384615 0.20793269230769232
0 0.5192307692307693 0.35096153846153844 0.078125 0.17067307692307693
0 0.5637019230769231 0.08173076923076923 0.06490384615384616 0.16346153846153846
0 0.640625 0.3737980769230769 0.0829326923076923 0.12980769230769232
0 0.6959134615384616 0.038461538461538464 0.052884615384615384 0.07572115384615384
0 0.7427884615384616 0.328125 0.10216346153846154 0.23076923076923078
0 0.7391826923076923 0.24158653846153846 0.07572115384615384 0.27163461538461536
0 0.7536057692307693 0.037259615384615384 0.04447115384615385 0.07451923076923077
0 0.7920673076923077 0.05048076923076923 0.055288461538461536 0.10096153846153846
0 0.8052884615384616 0.32211538461538464 0.06009615384615385 0.24879807692307693
0 0.875 0.3389423076923077 0.14302884615384615 0.20192307692307693
0 0.8641826923076923 0.21875 0.06971153846153846 0.17067307692307693
0 0.8557692307692307 0.037259615384615384 0.04807692307692308 0.07451923076923077
0 0.9278846153846154 0.32091346153846156 0.11298076923076923 0.23798076923076922
0 0.9555288461538461 0.16466346153846154 0.055288461538461536 0.24158653846153846
0 0.9759615384615384 0.3401442307692308 0.04567307692307692 0.15985576923076922