0 0.01201923076923077 0.4387019230769231 0.02403846153846154 0.2127403846153846
0 0.040865384615384616 0.47475961538461536 0.08173076923076923 0.5745192307692307
0 0.1935096153846154 0.5649038461538461 0.27163461538461536 0.7247596153846154
0 0.08052884615384616 0.2764423076923077 0.03125 0.078125
0 0.19230769230769232 0.22235576923076922 0.030048076923076924 0.06370192307692307
0 0.2439903846153846 0.45552884615384615 0.11658653846153846 0.41586538461538464
0 0.23557692307692307 0.26322115384615385 0.055288461538461536 0.1658653846153846
0 0.2692307692307692 0.2932692307692308 0.030048076923076924 0.12860576923076922
0 0.3245192307692308 0.3425480769230769 0.10096153846153846 0.27884615384615385
0 0.32572115384615385 0.5853365384615384 0.10336538461538461 0.4338942307692308
0 0.4651442307692308 0.7019230769230769 0.21634615384615385 0.59375
0 0.4026442307692308 0.29927884615384615 0.06370192307692307 0.13942307692307693
0 0.4170673076923077 0.5805288461538461 0.08533653846153846 0.5180288461538461
0 0.45913461538461536 0.28846153846153844 0.05889423076923077 0.1502403846153846
0 0.5540865384615384 0.23918269230769232 0.08653846153846154 0.13221153846153846
0 0.5625 0.3161057692307692 0.04927884615384615 0.10096153846153846
0 0.5889423076923077 0.40384615384615385 0.04447115384615385 0.12620192307692307
0 0.625 0.6141826923076923 0.09014423076923077 0.5012019230769231
0 0.6358173076923077 0.328125 0.06009615384615385 0.12860576923076922
0 0.8305288461538461 0.6105769230769231 0.265625 0.7764423076923077
0 0.7223557692307693 0.3088942307692308 0.040865384615384616 0.140625
0 0.8557692307692307 0.24158653846153846 0.04807692307692308 0.0985576923076923
0 0.8858173076923077 0.6598557692307693 0.06610576923076923 0.4266826923076923
0 0.8918269230769231 0.5504807692307693 0.07451923076923077 0.5733173076923077
0 0.9555288461538461 0.5096153846153846 0.08653846153846154 0.5817307692307693
0 0.9555288461538461 0.2548076923076923 0.08413461538461539 0.15504807692307693