0 0.10096153846153846 0.6959134615384616 0.08774038461538461 0.38822115384615385
0 0.19831730769230768 0.6935096153846154 0.06490384615384616 0.3629807692307692
0 0.2536057692307692 0.6911057692307693 0.09134615384615384 0.375
0 0.3798076923076923 0.6911057692307693 0.06370192307692307 0.36778846153846156
0 0.5576923076923077 0.703125 0.31009615384615385 0.41466346153846156
0 0.6887019230769231 0.42788461538461536 0.04927884615384615 0.0889423076923077
0 0.7704326923076923 0.6153846153846154 0.06370192307692307 0.2512019230769231
0 0.7740384615384616 0.4423076923076923 0.04567307692307692 0.07451923076923077
0 0.8305288461538461 0.6310096153846154 0.0733173076923077 0.28966346153846156
0 0.828125 0.4230769230769231 0.04807692307692308 0.06850961538461539
0 0.9074519230769231 0.6237980769230769 0.0673076923076923 0.203125