0 0.2920673076923077 0.6670673076923077 0.054086538461538464 0.23557692307692307
0 0.09615384615384616 0.7944711538461539 0.1502403846153846 0.1466346153846154
0 0.08653846153846154 0.65625 0.10216346153846154 0.08533653846153846
0 0.15985576923076922 0.6069711538461539 0.1346153846153846 0.17548076923076922
0 0.203125 0.7680288461538461 0.16346153846153846 0.11538461538461539
0 0.36899038461538464 0.7271634615384616 0.06610576923076923 0.0985576923076923
0 0.4579326923076923 0.6646634615384616 0.04567307692307692 0.15264423076923078
0 0.5649038461538461 0.5841346153846154 0.021634615384615384 0.09134615384615384
0 0.6045673076923077 0.5925480769230769 0.02403846153846154 0.09495192307692307
0 0.8665865384615384 0.828125 0.21634615384615385 0.33653846153846156
0 0.8389423076923077 0.5480769230769231 0.12620192307692307 0.26322115384615385
0 0.9098557692307693 0.6622596153846154 0.04567307692307692 0.140625