0 0.5372596153846154 0.5661057692307693 0.078125 0.25
0 0.042067307692307696 0.4963942307692308 0.04326923076923077 0.10576923076923077
0 0.08653846153846154 0.4951923076923077 0.030048076923076924 0.08774038461538461
0 0.12139423076923077 0.4963942307692308 0.030048076923076924 0.07451923076923077
0 0.13701923076923078 0.49399038461538464 0.018028846153846152 0.06850961538461539
0 0.15144230769230768 0.4879807692307692 0.014423076923076924 0.07091346153846154
0 0.17668269230769232 0.49759615384615385 0.02403846153846154 0.06009615384615385
0 0.19831730769230768 0.5048076923076923 0.019230769230769232 0.056490384615384616
0 0.23076923076923078 0.5625 0.06490384615384616 0.25961538461538464
0 0.28125 0.5264423076923077 0.03365384615384615 0.12139423076923077
0 0.42788461538461536 0.4807692307692308 0.037259615384615384 0.08533653846153846
0 0.453125 0.48197115384615385 0.030048076923076924 0.07692307692307693
0 0.6430288461538461 0.5721153846153846 0.051682692307692304 0.24519230769230768
0 0.7151442307692307 0.5949519230769231 0.05889423076923077 0.09735576923076923
0 0.7704326923076923 0.6478365384615384 0.051682692307692304 0.15985576923076922
0 0.7860576923076923 0.4795673076923077 0.04447115384615385 0.09975961538461539
0 0.9362980769230769 0.7728365384615384 0.11057692307692307 0.45072115384615385