0 0.5132211538461539 0.765625 0.2692307692307692 0.4230769230769231
0 0.7223557692307693 0.7235576923076923 0.01201923076923077 0.052884615384615384
0 0.7451923076923077 0.7235576923076923 0.03125 0.052884615384615384
0 0.7644230769230769 0.71875 0.013221153846153846 0.03365384615384615
0 0.7836538461538461 0.7115384615384616 0.010817307692307692 0.030048076923076924
0 0.8088942307692307 0.7115384615384616 0.02283653846153846 0.03485576923076923
0 0.8305288461538461 0.7163461538461539 0.020432692307692308 0.037259615384615384
0 0.8449519230769231 0.7115384615384616 0.026442307692307692 0.030048076923076924
0 0.8713942307692307 0.7163461538461539 0.015625 0.027644230769230768
0 0.8810096153846154 0.7175480769230769 0.014423076923076924 0.025240384615384616
0 0.9855769230769231 0.7259615384615384 0.027644230769230768 0.04927884615384615