0 0.49278846153846156 0.5432692307692307 0.09014423076923077 0.28846153846153844
0 0.07932692307692307 0.39783653846153844 0.06971153846153846 0.0733173076923077
0 0.1346153846153846 0.40384615384615385 0.05048076923076923 0.0889423076923077
0 0.21754807692307693 0.45552884615384615 0.09495192307692307 0.13822115384615385
0 0.359375 0.49158653846153844 0.09615384615384616 0.18269230769230768
0 0.43028846153846156 0.40865384615384615 0.03365384615384615 0.109375
0 0.5588942307692307 0.5360576923076923 0.13581730769230768 0.26322115384615385
0 0.6610576923076923 0.46875 0.09014423076923077 0.1502403846153846
0 0.6947115384615384 0.5817307692307693 0.10576923076923077 0.2548076923076923
0 0.7415865384615384 0.4495192307692308 0.09615384615384616 0.13581730769230768
0 0.7992788461538461 0.7199519230769231 0.1466346153846154 0.5372596153846154
0 0.9242788461538461 0.5072115384615384 0.08653846153846154 0.24278846153846154