0 0.027644230769230768 0.5745192307692307 0.055288461538461536 0.1875
0 0.11778846153846154 0.5685096153846154 0.06009615384615385 0.24278846153846154
0 0.24278846153846154 0.5733173076923077 0.06009615384615385 0.1971153846153846
0 0.29927884615384615 0.5697115384615384 0.039663461538461536 0.18269230769230768
0 0.3293269230769231 0.5588942307692307 0.036057692307692304 0.17548076923076922
0 0.3629807692307692 0.5637019230769231 0.052884615384615384 0.18990384615384615
0 0.421875 0.5769230769230769 0.05048076923076923 0.16947115384615385
0 0.42908653846153844 0.4879807692307692 0.042067307692307696 0.057692307692307696
0 0.46634615384615385 0.5757211538461539 0.055288461538461536 0.20192307692307693
0 0.49759615384615385 0.5697115384615384 0.040865384615384616 0.17307692307692307
0 0.5432692307692307 0.5673076923076923 0.03365384615384615 0.19471153846153846
0 0.5709134615384616 0.5877403846153846 0.04447115384615385 0.18629807692307693
0 0.640625 0.5841346153846154 0.054086538461538464 0.19831730769230768
0 0.6923076923076923 0.5649038461538461 0.038461538461538464 0.20072115384615385
0 0.7271634615384616 0.5685096153846154 0.06009615384615385 0.19471153846153846
0 0.8317307692307693 0.5649038461538461 0.04927884615384615 0.203125
0 0.9411057692307693 0.5721153846153846 0.06610576923076923 0.22235576923076922