0 0.35697115384615385 0.890625 0.07692307692307693 0.1622596153846154
0 0.04567307692307692 0.6057692307692307 0.036057692307692304 0.14783653846153846
0 0.4026442307692308 0.29927884615384615 0.6346153846153846 0.2668269230769231
0 0.12379807692307693 0.6418269230769231 0.04567307692307692 0.14423076923076922
0 0.4639423076923077 0.5516826923076923 0.7103365384615384 0.1814903846153846
0 0.16706730769230768 0.7608173076923077 0.06610576923076923 0.27524038461538464
0 0.3449519230769231 0.7391826923076923 0.03365384615384615 0.10576923076923077
0 0.36899038461538464 0.7596153846153846 0.04447115384615385 0.11899038461538461
0 0.46875 0.7632211538461539 0.030048076923076924 0.13221153846153846
0 0.8413461538461539 0.3329326923076923 0.3137019230769231 0.22235576923076922
0 0.8064903846153846 0.7548076923076923 0.03485576923076923 0.09495192307692307
0 0.9086538461538461 0.6045673076923077 0.1814903846153846 0.1141826923076923
0 0.8774038461538461 0.7055288461538461 0.03485576923076923 0.04326923076923077