0 0.08774038461538461 0.24879807692307693 0.019230769230769232 0.12379807692307693
0 0.10697115384615384 0.24278846153846154 0.013221153846153846 0.12740384615384615
0 0.2608173076923077 0.23317307692307693 0.052884615384615384 0.13942307692307693
0 0.2932692307692308 0.6213942307692307 0.07451923076923077 0.5420673076923077
0 0.28725961538461536 0.890625 0.054086538461538464 0.21153846153846154
0 0.30408653846153844 0.17548076923076922 0.013221153846153846 0.09615384615384616
0 0.33653846153846156 0.27283653846153844 0.010817307692307692 0.06009615384615385
0 0.41947115384615385 0.28125 0.021634615384615384 0.22716346153846154
0 0.5360576923076923 0.3762019230769231 0.015625 0.10697115384615384
0 0.5721153846153846 0.5757211538461539 0.0673076923076923 0.33052884615384615
0 0.5949519230769231 0.34615384615384615 0.03125 0.23076923076923078
0 0.6069711538461539 0.7211538461538461 0.027644230769230768 0.23918269230769232
0 0.6262019230769231 0.4519230769230769 0.021634615384615384 0.21875
0 0.6262019230769231 0.8004807692307693 0.015625 0.11177884615384616
0 0.8401442307692307 0.23557692307692307 0.006009615384615385 0.04807692307692308