0 0.41225961538461536 0.33653846153846156 0.10576923076923077 0.36658653846153844
0 0.025240384615384616 0.2860576923076923 0.05048076923076923 0.1971153846153846
0 0.12259615384615384 0.5480769230769231 0.2247596153846154 0.5829326923076923
0 0.055288461538461536 0.2824519230769231 0.05889423076923077 0.14783653846153846
0 0.10336538461538461 0.22355769230769232 0.06971153846153846 0.1346153846153846
0 0.1310096153846154 0.21875 0.054086538461538464 0.13221153846153846
0 0.234375 0.3317307692307692 0.10697115384615384 0.19230769230769232
0 0.21634615384615385 0.21995192307692307 0.06971153846153846 0.13221153846153846
0 0.2692307692307692 0.2764423076923077 0.06850961538461539 0.18870192307692307
0 0.3293269230769231 0.3269230769230769 0.07932692307692307 0.2127403846153846
0 0.3329326923076923 0.23798076923076922 0.056490384615384616 0.1658653846153846
0 0.5072115384615384 0.328125 0.08653846153846154 0.2439903846153846
0 0.6057692307692307 0.5576923076923077 0.25841346153846156 0.6021634615384616
0 0.5793269230769231 0.28125 0.078125 0.14543269230769232
0 0.6442307692307693 0.29447115384615385 0.0985576923076923 0.22235576923076922
0 0.7259615384615384 0.4567307692307692 0.10216346153846154 0.46153846153846156
0 0.7860576923076923 0.43509615384615385 0.06370192307692307 0.484375
0 0.8329326923076923 0.49399038461538464 0.10336538461538461 0.5625
0 0.953125 0.3485576923076923 0.0673076923076923 0.29447115384615385
0 0.9735576923076923 0.3545673076923077 0.05048076923076923 0.2824519230769231