0 0.21875 0.7740384615384616 0.016826923076923076 0.030048076923076924
0 0.2764423076923077 0.8401442307692307 0.037259615384615384 0.125
0 0.296875 0.8461538461538461 0.04326923076923077 0.12620192307692307
0 0.33052884615384615 0.8149038461538461 0.027644230769230768 0.09254807692307693
0 0.3545673076923077 0.8149038461538461 0.02283653846153846 0.0889423076923077
0 0.3641826923076923 0.78125 0.015625 0.02283653846153846
0 0.37740384615384615 0.8161057692307693 0.02403846153846154 0.09254807692307693
0 0.40865384615384615 0.8185096153846154 0.030048076923076924 0.0889423076923077
0 0.4483173076923077 0.8353365384615384 0.03365384615384615 0.12980769230769232
0 0.46634615384615385 0.8689903846153846 0.06610576923076923 0.17307692307692307
0 0.5108173076923077 0.8365384615384616 0.028846153846153848 0.03485576923076923
0 0.5228365384615384 0.796875 0.018028846153846152 0.027644230769230768
0 0.5336538461538461 0.8629807692307693 0.030048076923076924 0.07451923076923077
0 0.5408653846153846 0.7992788461538461 0.013221153846153846 0.03365384615384615
0 0.5661057692307693 0.8497596153846154 0.05048076923076923 0.1346153846153846
0 0.6225961538461539 0.8497596153846154 0.040865384615384616 0.15264423076923078
0 0.6670673076923077 0.8762019230769231 0.09735576923076923 0.1935096153846154
0 0.7055288461538461 0.8509615384615384 0.03485576923076923 0.12740384615384615
0 0.7211538461538461 0.8233173076923077 0.02283653846153846 0.08413461538461539
0 0.7331730769230769 0.8125 0.020432692307692308 0.06129807692307692
0 0.7644230769230769 0.8149038461538461 0.02403846153846154 0.05048076923076923
0 0.7776442307692307 0.8149038461538461 0.02403846153846154 0.05048076923076923
0 0.8028846153846154 0.8149038461538461 0.02283653846153846 0.06370192307692307
0 0.8185096153846154 0.8100961538461539 0.018028846153846152 0.040865384615384616
0 0.8485576923076923 0.8834134615384616 0.06971153846153846 0.1814903846153846
0 0.9146634615384616 0.8329326923076923 0.13822115384615385 0.10697115384615384
0 0.9567307692307693 0.8966346153846154 0.06370192307692307 0.17427884615384615