0 0.12980769230769232 0.65625 0.25961538461538464 0.6838942307692307
0 0.2127403846153846 0.4543269230769231 0.1141826923076923 0.3798076923076923
0 0.27524038461538464 0.5276442307692307 0.15625 0.4951923076923077
0 0.4266826923076923 0.6298076923076923 0.2439903846153846 0.7379807692307693
0 0.6189903846153846 0.4050480769230769 0.052884615384615384 0.16706730769230768
0 0.6610576923076923 0.6430288461538461 0.11778846153846154 0.6021634615384616
0 0.7139423076923077 0.4879807692307692 0.11899038461538461 0.4014423076923077
0 0.7872596153846154 0.5841346153846154 0.10216346153846154 0.5576923076923077
0 0.7908653846153846 0.33413461538461536 0.02283653846153846 0.06129807692307692
0 0.8713942307692307 0.44471153846153844 0.07572115384615384 0.3329326923076923
0 0.9206730769230769 0.38341346153846156 0.04807692307692308 0.19471153846153846