0 0.07451923076923077 0.36658653846153844 0.052884615384615384 0.18629807692307693
0 0.14423076923076922 0.3233173076923077 0.04927884615384615 0.15625
0 0.1658653846153846 0.31009615384615385 0.037259615384615384 0.12139423076923077
0 0.37740384615384615 0.5997596153846154 0.15144230769230768 0.3449519230769231
0 0.5288461538461539 0.6490384615384616 0.12139423076923077 0.40384615384615385
0 0.53125 0.5805288461538461 0.09134615384615384 0.34134615384615385
0 0.7295673076923077 0.39783653846153844 0.056490384615384616 0.21634615384615385
0 0.71875 0.3605769230769231 0.03125 0.18629807692307693
0 0.7415865384615384 0.3545673076923077 0.056490384615384616 0.2620192307692308
0 0.8677884615384616 0.4483173076923077 0.10216346153846154 0.3786057692307692
0 0.9543269230769231 0.44350961538461536 0.09014423076923077 0.34975961538461536