0 0.03125 0.8221153846153846 0.0625 0.16826923076923078
0 0.078125 0.8185096153846154 0.051682692307692304 0.16346153846153846
0 0.24639423076923078 0.8209134615384616 0.3137019230769231 0.3557692307692308
0 0.3076923076923077 0.8341346153846154 0.056490384615384616 0.16105769230769232
0 0.36899038461538464 0.8569711538461539 0.06971153846153846 0.20673076923076922
0 0.38341346153846156 0.7644230769230769 0.027644230769230768 0.04927884615384615
0 0.4014423076923077 0.8100961538461539 0.037259615384615384 0.12740384615384615
0 0.4483173076923077 0.8581730769230769 0.04326923076923077 0.22355769230769232
0 0.4651442307692308 0.8701923076923077 0.06490384615384616 0.2247596153846154
0 0.46274038461538464 0.7295673076923077 0.037259615384615384 0.04807692307692308
0 0.5180288461538461 0.8846153846153846 0.09134615384615384 0.22956730769230768
0 0.5120192307692307 0.8701923076923077 0.04927884615384615 0.25721153846153844
0 0.5300480769230769 0.7668269230769231 0.020432692307692308 0.06129807692307692
0 0.5552884615384616 0.8401442307692307 0.026442307692307692 0.20432692307692307
0 0.5901442307692307 0.8533653846153846 0.06009615384615385 0.22115384615384615
0 0.7115384615384616 0.8617788461538461 0.04567307692307692 0.19230769230769232
0 0.7884615384615384 0.8665865384615384 0.08774038461538461 0.2644230769230769
0 0.7584134615384616 0.7908653846153846 0.014423076923076924 0.019230769230769232
0 0.7776442307692307 0.7824519230769231 0.014423076923076924 0.037259615384615384
0 0.8485576923076923 0.8701923076923077 0.05889423076923077 0.25600961538461536
0 0.9242788461538461 0.8413461538461539 0.14903846153846154 0.3137019230769231