0 0.265625 0.5204326923076923 0.06490384615384616 0.17668269230769232
0 0.06490384615384616 0.7319711538461539 0.12980769230769232 0.15625
0 0.056490384615384616 0.6923076923076923 0.08653846153846154 0.10576923076923077
0 0.10216346153846154 0.6838942307692307 0.08653846153846154 0.1201923076923077
0 0.0985576923076923 0.6466346153846154 0.03485576923076923 0.08052884615384616
0 0.11778846153846154 0.6081730769230769 0.02403846153846154 0.04326923076923077
0 0.16105769230769232 0.6850961538461539 0.07572115384615384 0.12740384615384615
0 0.17067307692307693 0.6262019230769231 0.040865384615384616 0.07932692307692307
0 0.20072115384615385 0.6490384615384616 0.027644230769230768 0.0985576923076923
0 0.22596153846153846 0.6670673076923077 0.04326923076923077 0.078125
0 0.23076923076923078 0.5925480769230769 0.03365384615384615 0.057692307692307696
0 0.25240384615384615 0.6117788461538461 0.036057692307692304 0.08774038461538461
0 0.2764423076923077 0.6045673076923077 0.021634615384615384 0.03125
0 0.28725961538461536 0.6370192307692307 0.015625 0.04927884615384615
0 0.31490384615384615 0.6935096153846154 0.06850961538461539 0.13942307692307693
0 0.328125 0.6418269230769231 0.07091346153846154 0.0733173076923077
0 0.34975961538461536 0.6225961538461539 0.026442307692307692 0.06850961538461539
0 0.36658653846153844 0.6995192307692307 0.040865384615384616 0.13221153846153846
0 0.37259615384615385 0.6382211538461539 0.04807692307692308 0.0733173076923077
0 0.4050480769230769 0.7211538461538461 0.08413461538461539 0.14543269230769232
0 0.41466346153846156 0.6225961538461539 0.04567307692307692 0.06850961538461539
0 0.44471153846153844 0.6935096153846154 0.03485576923076923 0.13221153846153846
0 0.484375 0.7151442307692307 0.08173076923076923 0.16105769230769232
0 0.4963942307692308 0.6045673076923077 0.04567307692307692 0.09375
0 0.5228365384615384 0.6887019230769231 0.04567307692307692 0.12860576923076922
0 0.5492788461538461 0.6310096153846154 0.04447115384615385 0.10096153846153846
0 0.5745192307692307 0.6634615384615384 0.06009615384615385 0.11177884615384616
0 0.5973557692307693 0.7151442307692307 0.09254807692307693 0.17548076923076922
0 0.5889423076923077 0.5973557692307693 0.03245192307692308 0.03125
0 0.6382211538461539 0.5949519230769231 0.06971153846153846 0.28125
0 0.6814903846153846 0.7247596153846154 0.0673076923076923 0.15504807692307693
0 0.7680288461538461 0.6658653846153846 0.11177884615384616 0.22115384615384615
0 0.7704326923076923 0.6021634615384616 0.021634615384615384 0.06009615384615385
0 0.7800480769230769 0.6730769230769231 0.038461538461538464 0.13942307692307693
0 0.7992788461538461 0.6899038461538461 0.06490384615384616 0.12379807692307693
0 0.8040865384615384 0.5949519230769231 0.02403846153846154 0.025240384615384616
0 0.8269230769230769 0.6742788461538461 0.051682692307692304 0.140625
0 0.8641826923076923 0.6887019230769231 0.06370192307692307 0.13822115384615385
0 0.8509615384615384 0.6213942307692307 0.030048076923076924 0.09375
0 0.8930288461538461 0.6129807692307693 0.03245192307692308 0.08052884615384616
0 0.9387019230769231 0.6490384615384616 0.08413461538461539 0.13221153846153846
0 0.9242788461538461 0.6129807692307693 0.027644230769230768 0.055288461538461536