0 0.2668269230769231 0.4230769230769231 0.038461538461538464 0.06850961538461539
0 0.48677884615384615 0.1658653846153846 0.02403846153846154 0.06129807692307692
0 0.5949519230769231 0.6959134615384616 0.015625 0.04807692307692308
0 0.6201923076923077 0.5408653846153846 0.06490384615384616 0.11658653846153846
0 0.6310096153846154 0.6947115384615384 0.014423076923076924 0.06490384615384616
0 0.6622596153846154 0.5348557692307693 0.06850961538461539 0.13701923076923078
0 0.8185096153846154 0.3137019230769231 0.09254807692307693 0.1622596153846154
0 0.7932692307692307 0.7475961538461539 0.025240384615384616 0.08533653846153846
0 0.890625 0.4735576923076923 0.04447115384615385 0.10817307692307693
0 0.9158653846153846 0.1201923076923077 0.05048076923076923 0.08653846153846154
0 0.9399038461538461 0.7908653846153846 0.04807692307692308 0.11538461538461539