0 0.20192307692307693 0.5324519230769231 0.09615384615384616 0.49759615384615385
0 0.109375 0.5180288461538461 0.10697115384615384 0.3858173076923077
0 0.15625 0.18870192307692307 0.13221153846153846 0.17067307692307693
0 0.33653846153846156 0.7067307692307693 0.1622596153846154 0.2776442307692308
0 0.3004807692307692 0.30288461538461536 0.038461538461538464 0.12740384615384615
0 0.33533653846153844 0.3245192307692308 0.007211538461538462 0.016826923076923076
0 0.33653846153846156 0.34975961538461536 0.009615384615384616 0.015625
0 0.3545673076923077 0.2692307692307692 0.016826923076923076 0.07451923076923077
0 0.42427884615384615 0.3545673076923077 0.026442307692307692 0.040865384615384616
0 0.48197115384615385 0.3870192307692308 0.04927884615384615 0.08774038461538461
0 0.5240384615384616 0.3870192307692308 0.052884615384615384 0.08774038461538461
0 0.5817307692307693 0.6838942307692307 0.1502403846153846 0.18389423076923078
0 0.5985576923076923 0.3786057692307692 0.05048076923076923 0.06610576923076923
0 0.6598557692307693 0.39783653846153844 0.027644230769230768 0.04326923076923077
0 0.6646634615384616 0.3473557692307692 0.030048076923076924 0.055288461538461536
0 0.6983173076923077 0.6995192307692307 0.04447115384615385 0.07572115384615384
0 0.9399038461538461 0.5192307692307693 0.018028846153846152 0.040865384615384616
0 0.9519230769230769 0.41586538461538464 0.027644230769230768 0.04927884615384615
0 0.9903846153846154 0.5216346153846154 0.016826923076923076 0.03245192307692308
0 0.9915865384615384 0.5889423076923077 0.014423076923076924 0.028846153846153848