0 0.8557692307692307 0.20072115384615385 0.14182692307692307 0.39302884615384615
0 0.004807692307692308 0.014423076923076924 0.009615384615384616 0.019230769230769232
0 0.056490384615384616 0.019230769230769232 0.010817307692307692 0.027644230769230768
0 0.07572115384615384 0.030048076923076924 0.016826923076923076 0.042067307692307696
0 0.109375 0.040865384615384616 0.019230769230769232 0.055288461538461536
0 0.1201923076923077 0.026442307692307692 0.009615384615384616 0.036057692307692304
0 0.13341346153846154 0.025240384615384616 0.010817307692307692 0.016826923076923076
0 0.18028846153846154 0.03245192307692308 0.08052884615384616 0.06370192307692307
0 0.32211538461538464 0.015625 0.03365384615384615 0.03125
0 0.45913461538461536 0.09134615384615384 0.08173076923076923 0.18269230769230768
0 0.5925480769230769 0.11538461538461539 0.11298076923076923 0.23076923076923078
0 0.6550480769230769 0.014423076923076924 0.01201923076923077 0.026442307692307692
0 0.6622596153846154 0.008413461538461538 0.007211538461538462 0.016826923076923076
0 0.9663461538461539 0.04447115384615385 0.039663461538461536 0.0889423076923077