0 0.03125 0.8052884615384616 0.0625 0.2247596153846154
0 0.04927884615384615 0.6875 0.0985576923076923 0.2644230769230769
0 0.04326923076923077 0.5769230769230769 0.05048076923076923 0.10216346153846154
0 0.0829326923076923 0.6310096153846154 0.10817307692307693 0.17668269230769232
0 0.0985576923076923 0.5793269230769231 0.056490384615384616 0.0889423076923077
0 0.1814903846153846 0.8185096153846154 0.18028846153846154 0.35216346153846156
0 0.14543269230769232 0.5697115384615384 0.07692307692307693 0.11298076923076923
0 0.20673076923076922 0.8834134615384616 0.09975961538461539 0.2283653846153846
0 0.19831730769230768 0.5697115384615384 0.039663461538461536 0.0889423076923077
0 0.265625 0.8918269230769231 0.1658653846153846 0.21153846153846154
0 0.22596153846153846 0.6105769230769231 0.08173076923076923 0.0889423076923077
0 0.27884615384615385 0.6322115384615384 0.08774038461538461 0.17067307692307693
0 0.2704326923076923 0.5733173076923077 0.06490384615384616 0.11899038461538461
0 0.28846153846153844 0.7560096153846154 0.0889423076923077 0.19591346153846154
0 0.30528846153846156 0.4951923076923077 0.06129807692307692 0.09735576923076923
0 0.3389423076923077 0.6274038461538461 0.056490384615384616 0.11538461538461539
0 0.3954326923076923 0.6862980769230769 0.11658653846153846 0.19471153846153846
0 0.36778846153846156 0.578125 0.052884615384615384 0.13942307692307693
0 0.3858173076923077 0.640625 0.07932692307692307 0.1346153846153846
0 0.4014423076923077 0.5024038461538461 0.06850961538461539 0.08052884615384616
0 0.4879807692307692 0.8521634615384616 0.18509615384615385 0.27524038461538464
0 0.5120192307692307 0.8100961538461539 0.22115384615384615 0.28846153846153844
0 0.4951923076923077 0.71875 0.16105769230769232 0.24759615384615385
0 0.46033653846153844 0.6057692307692307 0.037259615384615384 0.052884615384615384
0 0.49038461538461536 0.5012019230769231 0.06370192307692307 0.08774038461538461
0 0.5096153846153846 0.5925480769230769 0.07692307692307693 0.12860576923076922
0 0.5805288461538461 0.5060096153846154 0.07692307692307693 0.09495192307692307
0 0.6286057692307693 0.9050480769230769 0.14182692307692307 0.18509615384615385
0 0.6358173076923077 0.6790865384615384 0.1141826923076923 0.16826923076923078
0 0.6634615384615384 0.5048076923076923 0.07211538461538461 0.0889423076923077
0 0.7139423076923077 0.7415865384615384 0.12379807692307693 0.19591346153846154
0 0.7536057692307693 0.9375 0.17307692307692307 0.1201923076923077
0 0.7319711538461539 0.5865384615384616 0.06370192307692307 0.12620192307692307
0 0.8185096153846154 0.8485576923076923 0.2091346153846154 0.29927884615384615
0 0.7548076923076923 0.5108173076923077 0.0673076923076923 0.07692307692307693
0 0.7632211538461539 0.5865384615384616 0.08653846153846154 0.14783653846153846
0 0.8125 0.6165865384615384 0.08653846153846154 0.15504807692307693
0 0.8521634615384616 0.6514423076923077 0.0829326923076923 0.17067307692307693
0 0.8545673076923077 0.5456730769230769 0.02403846153846154 0.051682692307692304
0 0.9194711538461539 0.6790865384615384 0.10817307692307693 0.22716346153846154
0 0.9567307692307693 0.8870192307692307 0.08413461538461539 0.22235576923076922
0 0.9495192307692307 0.6009615384615384 0.05889423076923077 0.10216346153846154
0 0.9651442307692307 0.5552884615384616 0.03365384615384615 0.06610576923076923
0 0.9747596153846154 0.6382211538461539 0.04807692307692308 0.1814903846153846
0 0.9783653846153846 0.5733173076923077 0.040865384615384616 0.07932692307692307