0 0.12379807692307693 0.9050480769230769 0.1971153846153846 0.1875
0 0.10336538461538461 0.38341346153846156 0.09014423076923077 0.22115384615384615
0 0.19471153846153846 0.8954326923076923 0.08173076923076923 0.20192307692307693
0 0.20072115384615385 0.40865384615384615 0.08413461538461539 0.19230769230769232
0 0.20432692307692307 0.6526442307692307 0.07451923076923077 0.21514423076923078
0 0.2091346153846154 0.16346153846153846 0.0733173076923077 0.203125
0 0.30528846153846156 0.17548076923076922 0.08413461538461539 0.19230769230769232
0 0.30528846153846156 0.8870192307692307 0.07211538461538461 0.22235576923076922
0 0.42788461538461536 0.16706730769230768 0.040865384615384616 0.07932692307692307
0 0.6009615384615384 0.1814903846153846 0.06009615384615385 0.078125
0 0.6153846153846154 0.9014423076923077 0.07211538461538461 0.17668269230769232
0 0.6875 0.24639423076923078 0.054086538461538464 0.17668269230769232
0 0.7067307692307693 0.890625 0.07451923076923077 0.20552884615384615
0 0.7776442307692307 0.44591346153846156 0.07572115384615384 0.17427884615384615
0 0.7788461538461539 0.23798076923076922 0.07692307692307693 0.1875
0 0.7944711538461539 0.8846153846153846 0.06850961538461539 0.19230769230769232