0 0.10817307692307693 0.6201923076923077 0.078125 0.18028846153846154
0 0.10817307692307693 0.7620192307692307 0.0733173076923077 0.1778846153846154
0 0.17668269230769232 0.6502403846153846 0.07091346153846154 0.21995192307692307
0 0.171875 0.7487980769230769 0.057692307692307696 0.19591346153846154
0 0.234375 0.7235576923076923 0.0673076923076923 0.20552884615384615
0 0.22716346153846154 0.6346153846153846 0.04807692307692308 0.16105769230769232
0 0.26802884615384615 0.6694711538461539 0.04326923076923077 0.25
0 0.29927884615384615 0.7427884615384616 0.06009615384615385 0.14903846153846154
0 0.3125 0.6237980769230769 0.0625 0.16826923076923078
0 0.3125 0.6129807692307693 0.056490384615384616 0.16105769230769232
0 0.35096153846153844 0.7271634615384616 0.06971153846153846 0.16346153846153846
0 0.34975961538461536 0.6153846153846154 0.04807692307692308 0.16105769230769232
0 0.39903846153846156 0.5901442307692307 0.036057692307692304 0.12620192307692307
0 0.421875 0.7367788461538461 0.06129807692307692 0.15625
0 0.45072115384615385 0.5925480769230769 0.056490384615384616 0.10697115384615384
0 0.49278846153846156 0.7259615384615384 0.06490384615384616 0.140625
0 0.5012019230769231 0.5949519230769231 0.03485576923076923 0.11177884615384616
0 0.5516826923076923 0.7319711538461539 0.06009615384615385 0.18028846153846154
0 0.5444711538461539 0.6057692307692307 0.04326923076923077 0.12620192307692307
0 0.5757211538461539 0.6225961538461539 0.040865384615384616 0.1310096153846154
0 0.6105769230769231 0.7331730769230769 0.07451923076923077 0.20793269230769232
0 0.6177884615384616 0.6298076923076923 0.054086538461538464 0.1466346153846154
0 0.6478365384615384 0.5805288461538461 0.038461538461538464 0.10096153846153846
0 0.6959134615384616 0.7415865384615384 0.09134615384615384 0.20072115384615385
0 0.6911057692307693 0.6069711538461539 0.06129807692307692 0.17307692307692307
0 0.7475961538461539 0.5817307692307693 0.06490384615384616 0.14302884615384615
0 0.7848557692307693 0.7596153846153846 0.07932692307692307 0.18269230769230768
0 0.8040865384615384 0.5877403846153846 0.06490384615384616 0.13581730769230768
0 0.8798076923076923 0.6790865384615384 0.10817307692307693 0.3485576923076923