0 0.09495192307692307 0.578125 0.18990384615384615 0.8401442307692307
0 0.09975961538461539 0.25240384615384615 0.15745192307692307 0.29927884615384615
0 0.11899038461538461 0.4483173076923077 0.15745192307692307 0.5120192307692307
0 0.1201923076923077 0.19591346153846154 0.06971153846153846 0.1658653846153846
0 0.17067307692307693 0.25721153846153844 0.09975961538461539 0.2127403846153846
0 0.26802884615384615 0.7055288461538461 0.24639423076923078 0.5841346153846154
0 0.25841346153846156 0.3581730769230769 0.1778846153846154 0.41225961538461536
0 0.22355769230769232 0.13701923076923078 0.051682692307692304 0.04927884615384615
0 0.30408653846153844 0.2692307692307692 0.12139423076923077 0.28125
0 0.34615384615384615 0.1935096153846154 0.07211538461538461 0.17067307692307693
0 0.38100961538461536 0.23798076923076922 0.09975961538461539 0.21514423076923078
0 0.4254807692307692 0.5564903846153846 0.17668269230769232 0.7211538461538461
0 0.5204326923076923 0.6971153846153846 0.30288461538461536 0.6045673076923077
0 0.42788461538461536 0.1875 0.07572115384615384 0.10096153846153846
0 0.5204326923076923 0.2512019230769231 0.12379807692307693 0.2764423076923077
0 0.5240384615384616 0.16826923076923078 0.09615384615384616 0.19471153846153846
0 0.5997596153846154 0.359375 0.16947115384615385 0.3701923076923077
0 0.6225961538461539 0.14302884615384615 0.06971153846153846 0.08653846153846154
0 0.6274038461538461 0.10817307692307693 0.0733173076923077 0.1141826923076923
0 0.7067307692307693 0.5168269230769231 0.19471153846153846 0.5384615384615384
0 0.6670673076923077 0.18870192307692307 0.037259615384615384 0.08413461538461539
0 0.7223557692307693 0.17668269230769232 0.10576923076923077 0.18870192307692307
0 0.7560096153846154 0.2860576923076923 0.11899038461538461 0.26322115384615385
0 0.890625 0.7043269230769231 0.21634615384615385 0.5889423076923077
0 0.8521634615384616 0.45913461538461536 0.13822115384615385 0.609375
0 0.8822115384615384 0.08774038461538461 0.08052884615384616 0.09375
0 0.9098557692307693 0.2091346153846154 0.08052884615384616 0.15384615384615385
0 0.9350961538461539 0.3269230769230769 0.12740384615384615 0.40625