0 0.4951923076923077 0.8016826923076923 0.9891826923076923 0.11177884615384616
0 0.11057692307692307 0.8774038461538461 0.08173076923076923 0.19831730769230768
0 0.09975961538461539 0.8677884615384616 0.04807692307692308 0.15865384615384615
0 0.13341346153846154 0.8786057692307693 0.07692307692307693 0.19110576923076922
0 0.1622596153846154 0.8617788461538461 0.052884615384615384 0.16706730769230768
0 0.21153846153846154 0.8653846153846154 0.06610576923076923 0.16826923076923078
0 0.2283653846153846 0.8641826923076923 0.028846153846153848 0.15625
0 0.2403846153846154 0.8293269230769231 0.037259615384615384 0.0985576923076923
0 0.25240384615384615 0.8822115384615384 0.01201923076923077 0.03365384615384615
0 0.28966346153846156 0.8665865384615384 0.040865384615384616 0.203125
0 0.3317307692307692 0.8918269230769231 0.04927884615384615 0.14423076923076922
0 0.37259615384615385 0.8737980769230769 0.07572115384615384 0.23918269230769232
0 0.38461538461538464 0.8786057692307693 0.07451923076923077 0.19951923076923078
0 0.4170673076923077 0.8305288461538461 0.027644230769230768 0.12139423076923077
0 0.45913461538461536 0.8725961538461539 0.07932692307692307 0.1971153846153846
0 0.4483173076923077 0.8629807692307693 0.040865384615384616 0.18629807692307693
0 0.4699519230769231 0.8377403846153846 0.027644230769230768 0.140625
0 0.4987980769230769 0.8834134615384616 0.07932692307692307 0.2091346153846154
0 0.5216346153846154 0.8257211538461539 0.027644230769230768 0.052884615384615384
0 0.5552884615384616 0.8725961538461539 0.03365384615384615 0.19230769230769232
0 0.5600961538461539 0.8737980769230769 0.016826923076923076 0.17668269230769232
0 0.578125 0.8617788461538461 0.018028846153846152 0.1141826923076923
0 0.6286057692307693 0.8894230769230769 0.06009615384615385 0.15625
0 0.6694711538461539 0.8725961538461539 0.06971153846153846 0.18028846153846154
0 0.7788461538461539 0.8377403846153846 0.04447115384615385 0.11177884615384616
0 0.7788461538461539 0.8461538461538461 0.03245192307692308 0.0889423076923077
0 0.8076923076923077 0.8329326923076923 0.025240384615384616 0.10817307692307693
0 0.8377403846153846 0.8293269230769231 0.040865384615384616 0.10576923076923077
0 0.8569711538461539 0.8353365384615384 0.027644230769230768 0.08774038461538461
0 0.9447115384615384 0.8185096153846154 0.02403846153846154 0.078125
0 0.9591346153846154 0.8076923076923077 0.01201923076923077 0.038461538461538464