0 0.015625 0.5384615384615384 0.03125 0.12379807692307693
0 0.10096153846153846 0.5540865384615384 0.03245192307692308 0.14423076923076922
0 0.1814903846153846 0.5384615384615384 0.028846153846153848 0.13942307692307693
0 0.20432692307692307 0.53125 0.013221153846153846 0.10697115384615384
0 0.32572115384615385 0.5372596153846154 0.028846153846153848 0.09975961538461539
0 0.41346153846153844 0.5336538461538461 0.036057692307692304 0.1141826923076923
0 0.4519230769230769 0.5673076923076923 0.03485576923076923 0.16346153846153846
0 0.47716346153846156 0.5588942307692307 0.019230769230769232 0.13822115384615385
0 0.4987980769230769 0.5456730769230769 0.04447115384615385 0.14783653846153846
0 0.6454326923076923 0.5625 0.028846153846153848 0.19110576923076922
0 0.859375 0.5564903846153846 0.036057692307692304 0.1141826923076923
0 0.9447115384615384 0.5733173076923077 0.040865384615384616 0.18870192307692307