0 0.010817307692307692 0.4879807692307692 0.021634615384615384 0.23918269230769232
0 0.03485576923076923 0.5444711538461539 0.06971153846153846 0.3088942307692308
0 0.11298076923076923 0.5264423076923077 0.06370192307692307 0.2692307692307692
0 0.15264423076923078 0.5180288461538461 0.06610576923076923 0.2860576923076923
0 0.20552884615384615 0.5144230769230769 0.056490384615384616 0.30649038461538464
0 0.2247596153846154 0.53125 0.055288461538461536 0.28365384615384615
0 0.27163461538461536 0.5372596153846154 0.06490384615384616 0.32091346153846156
0 0.35216346153846156 0.53125 0.0889423076923077 0.29086538461538464
0 0.3737980769230769 0.5216346153846154 0.03485576923076923 0.30649038461538464
0 0.4170673076923077 0.5348557692307693 0.09735576923076923 0.3016826923076923
0 0.44471153846153844 0.5336538461538461 0.042067307692307696 0.29447115384615385
0 0.49278846153846156 0.5396634615384616 0.0829326923076923 0.3016826923076923
0 0.5048076923076923 0.5384615384615384 0.030048076923076924 0.3016826923076923
0 0.5709134615384616 0.546875 0.078125 0.29927884615384615
0 0.5829326923076923 0.5504807692307693 0.037259615384615384 0.29927884615384615
0 0.6189903846153846 0.5516826923076923 0.06009615384615385 0.30649038461538464
0 0.6490384615384616 0.5528846153846154 0.10697115384615384 0.30649038461538464
0 0.6923076923076923 0.5552884615384616 0.04807692307692308 0.30649038461538464
0 0.7704326923076923 0.5528846153846154 0.09495192307692307 0.32091346153846156
0 0.8257211538461539 0.5516826923076923 0.12259615384615384 0.33653846153846156
0 0.8725961538461539 0.6081730769230769 0.04567307692307692 0.21514423076923078