0 0.08052884615384616 0.5120192307692307 0.05048076923076923 0.15504807692307693
0 0.11778846153846154 0.5216346153846154 0.03365384615384615 0.13581730769230768
0 0.15144230769230768 0.5144230769230769 0.021634615384615384 0.0985576923076923
0 0.1935096153846154 0.4891826923076923 0.018028846153846152 0.04567307692307692
0 0.25 0.5192307692307693 0.05048076923076923 0.10817307692307693
0 0.34615384615384615 0.5384615384615384 0.06370192307692307 0.20793269230769232
0 0.5264423076923077 0.4879807692307692 0.010817307692307692 0.036057692307692304
0 0.546875 0.49038461538461536 0.026442307692307692 0.07451923076923077
0 0.6021634615384616 0.5336538461538461 0.05889423076923077 0.15504807692307693
0 0.6658653846153846 0.5216346153846154 0.05048076923076923 0.125
0 0.765625 0.5420673076923077 0.04807692307692308 0.18990384615384615
0 0.8305288461538461 0.5120192307692307 0.030048076923076924 0.12620192307692307
0 0.8737980769230769 0.5096153846153846 0.055288461538461536 0.13701923076923078