0 0.75 0.8557692307692307 0.11298076923076923 0.2644230769230769
0 0.05889423076923077 0.8497596153846154 0.05889423076923077 0.06610576923076923
0 0.10817307692307693 0.8497596153846154 0.052884615384615384 0.10336538461538461
0 0.16826923076923078 0.8365384615384616 0.05889423076923077 0.07572115384615384
0 0.2692307692307692 0.8990384615384616 0.10096153846153846 0.16947115384615385
0 0.4375 0.8641826923076923 0.054086538461538464 0.11298076923076923
0 0.5180288461538461 0.90625 0.039663461538461536 0.040865384615384616
0 0.5204326923076923 0.8449519230769231 0.03365384615384615 0.056490384615384616
0 0.5300480769230769 0.9050480769230769 0.039663461538461536 0.06009615384615385
0 0.5685096153846154 0.9038461538461539 0.03365384615384615 0.05889423076923077
0 0.6646634615384616 0.8497596153846154 0.03125 0.06129807692307692
0 0.8557692307692307 0.8870192307692307 0.06610576923076923 0.06370192307692307
0 0.8918269230769231 0.8581730769230769 0.051682692307692304 0.06490384615384616