0 0.027644230769230768 0.5216346153846154 0.055288461538461536 0.23918269230769232
0 0.0673076923076923 0.5793269230769231 0.09735576923076923 0.25600961538461536
0 0.08533653846153846 0.5348557692307693 0.06129807692307692 0.22596153846153846
0 0.09495192307692307 0.4579326923076923 0.04927884615384615 0.17427884615384615
0 0.15384615384615385 0.5324519230769231 0.07091346153846154 0.27524038461538464
0 0.1346153846153846 0.4651442307692308 0.02403846153846154 0.12860576923076922
0 0.23076923076923078 0.6346153846153846 0.21634615384615385 0.5288461538461539
0 0.29927884615384615 0.625 0.15865384615384615 0.5300480769230769
0 0.3942307692307692 0.5456730769230769 0.05889423076923077 0.40384615384615385
0 0.5480769230769231 0.6286057692307693 0.06850961538461539 0.43149038461538464
0 0.5973557692307693 0.5588942307692307 0.08052884615384616 0.5360576923076923
0 0.71875 0.5588942307692307 0.078125 0.5456730769230769
0 0.7752403846153846 0.6298076923076923 0.18028846153846154 0.7355769230769231
0 0.8209134615384616 0.578125 0.06971153846153846 0.46875
0 0.8725961538461539 0.5600961538461539 0.07572115384615384 0.5276442307692307
0 0.9735576923076923 0.5048076923076923 0.04927884615384615 0.5516826923076923