0 0.5300480769230769 0.7211538461538461 0.0889423076923077 0.47115384615384615
0 0.08653846153846154 0.6586538461538461 0.10096153846153846 0.6802884615384616
0 0.14302884615384615 0.5060096153846154 0.13221153846153846 0.6069711538461539
0 0.22596153846153846 0.6766826923076923 0.11658653846153846 0.6454326923076923
0 0.25240384615384615 0.36778846153846156 0.09014423076923077 0.2644230769230769
0 0.29447115384615385 0.20432692307692307 0.10336538461538461 0.1971153846153846
0 0.3401442307692308 0.6959134615384616 0.09975961538461539 0.6057692307692307
0 0.3473557692307692 0.3293269230769231 0.11057692307692307 0.28365384615384615
0 0.3858173076923077 0.23798076923076922 0.09014423076923077 0.21875
0 0.43149038461538464 0.7019230769230769 0.11658653846153846 0.5853365384615384
0 0.45072115384615385 0.30528846153846156 0.08173076923076923 0.21634615384615385
0 0.5048076923076923 0.3557692307692308 0.109375 0.20793269230769232
0 0.49399038461538464 0.20192307692307693 0.08173076923076923 0.15865384615384615
0 0.5745192307692307 0.3173076923076923 0.09254807692307693 0.1778846153846154
0 0.5841346153846154 0.2548076923076923 0.06490384615384616 0.14903846153846154
0 0.6201923076923077 0.6862980769230769 0.10216346153846154 0.5276442307692307
0 0.6586538461538461 0.32091346153846156 0.08774038461538461 0.20072115384615385
0 0.7283653846153846 0.5300480769230769 0.1310096153846154 0.5108173076923077
0 0.7367788461538461 0.6814903846153846 0.14423076923076922 0.5516826923076923
0 0.7548076923076923 0.3088942307692308 0.07211538461538461 0.17307692307692307
0 0.8257211538461539 0.5216346153846154 0.10697115384615384 0.5300480769230769
0 0.8545673076923077 0.6887019230769231 0.15625 0.5324519230769231
0 0.9290865384615384 0.5745192307692307 0.10817307692307693 0.4579326923076923