0 0.02403846153846154 0.7331730769230769 0.046875 0.1875
0 0.15985576923076922 0.4651442307692308 0.04927884615384615 0.13581730769230768
0 0.1658653846153846 0.703125 0.05048076923076923 0.1622596153846154
0 0.2608173076923077 0.7079326923076923 0.056490384615384616 0.1658653846153846
0 0.28966346153846156 0.6730769230769231 0.04567307692307692 0.125
0 0.41586538461538464 0.6838942307692307 0.04927884615384615 0.11658653846153846
0 0.5012019230769231 0.7512019230769231 0.04567307692307692 0.09495192307692307
0 0.6141826923076923 0.7259615384615384 0.057692307692307696 0.11177884615384616
0 0.6286057692307693 0.5564903846153846 0.054086538461538464 0.12139423076923077
0 0.7391826923076923 0.7560096153846154 0.054086538461538464 0.12980769230769232
0 0.9375 0.7247596153846154 0.040865384615384616 0.11899038461538461