0 0.019230769230769232 0.8377403846153846 0.038461538461538464 0.32211538461538464
0 0.10096153846153846 0.6105769230769231 0.20192307692307693 0.2091346153846154
0 0.038461538461538464 0.7884615384615384 0.06971153846153846 0.35096153846153844
0 0.07692307692307693 0.6814903846153846 0.037259615384615384 0.11899038461538461
0 0.11899038461538461 0.8100961538461539 0.11778846153846154 0.3762019230769231
0 0.15745192307692307 0.6550480769230769 0.04927884615384615 0.17548076923076922
0 0.265625 0.8185096153846154 0.20793269230769232 0.359375
0 0.22355769230769232 0.5997596153846154 0.09615384615384616 0.13221153846153846
0 0.23076923076923078 0.6274038461538461 0.06009615384615385 0.07692307692307693
0 0.22956730769230768 0.5096153846153846 0.051682692307692304 0.14302884615384615
0 0.2932692307692308 0.7980769230769231 0.12740384615384615 0.3173076923076923
0 0.25961538461538464 0.4807692307692308 0.04447115384615385 0.11298076923076923
0 0.3425480769230769 0.7896634615384616 0.16346153846153846 0.40384615384615385
0 0.28725961538461536 0.4579326923076923 0.02403846153846154 0.09134615384615384
0 0.31850961538461536 0.5036057692307693 0.03245192307692308 0.13341346153846154
0 0.33533653846153844 0.5420673076923077 0.028846153846153848 0.10817307692307693
0 0.3954326923076923 0.7536057692307693 0.14423076923076922 0.3389423076923077
0 0.36177884615384615 0.5865384615384616 0.06971153846153846 0.15865384615384615
0 0.36538461538461536 0.46875 0.03245192307692308 0.09975961538461539
0 0.40625 0.5432692307692307 0.054086538461538464 0.125
0 0.4050480769230769 0.4567307692307692 0.018028846153846152 0.04807692307692308
0 0.4266826923076923 0.5492788461538461 0.039663461538461536 0.11298076923076923
0 0.42427884615384615 0.4855769230769231 0.027644230769230768 0.12980769230769232
0 0.5108173076923077 0.6274038461538461 0.12259615384615384 0.27163461538461536
0 0.4891826923076923 0.4579326923076923 0.038461538461538464 0.09975961538461539
0 0.515625 0.45913461538461536 0.038461538461538464 0.11057692307692307
0 0.5612980769230769 0.5504807692307693 0.054086538461538464 0.12740384615384615
0 0.5757211538461539 0.4951923076923077 0.038461538461538464 0.17908653846153846
0 0.6778846153846154 0.6189903846153846 0.08653846153846154 0.22235576923076922
0 0.6923076923076923 0.5829326923076923 0.10336538461538461 0.16826923076923078
0 0.8569711538461539 0.6033653846153846 0.09495192307692307 0.359375