0 0.39663461538461536 0.3112980769230769 0.06370192307692307 0.11899038461538461
0 0.06850961538461539 0.8197115384615384 0.13701923076923078 0.3016826923076923
0 0.039663461538461536 0.3545673076923077 0.07091346153846154 0.109375
0 0.13822115384615385 0.5709134615384616 0.15865384615384615 0.2860576923076923
0 0.1346153846153846 0.34975961538461536 0.0733173076923077 0.12259615384615384
0 0.2668269230769231 0.5997596153846154 0.19230769230769232 0.3293269230769231
0 0.29447115384615385 0.7956730769230769 0.23677884615384615 0.36899038461538464
0 0.21875 0.3389423076923077 0.06370192307692307 0.10576923076923077
0 0.30528846153846156 0.33653846153846156 0.06129807692307692 0.08052884615384616
0 0.38822115384615385 0.5024038461538461 0.16346153846153846 0.2127403846153846
0 0.5288461538461539 0.8221153846153846 0.25721153846153844 0.35336538461538464
0 0.5 0.3161057692307692 0.06370192307692307 0.10096153846153846
0 0.5961538461538461 0.5192307692307693 0.18990384615384615 0.24879807692307693
0 0.5877403846153846 0.31490384615384615 0.05889423076923077 0.078125
0 0.6670673076923077 0.453125 0.08774038461538461 0.203125
0 0.7007211538461539 0.13221153846153846 0.08774038461538461 0.1875
0 0.7860576923076923 0.6009615384615384 0.15865384615384615 0.28846153846153844
0 0.7632211538461539 0.29927884615384615 0.07572115384615384 0.10336538461538461
0 0.8653846153846154 0.8209134615384616 0.26802884615384615 0.3545673076923077
0 0.7872596153846154 0.11658653846153846 0.07932692307692307 0.1814903846153846
0 0.8449519230769231 0.30288461538461536 0.052884615384615384 0.08173076923076923
0 0.9122596153846154 0.4723557692307692 0.09495192307692307 0.19471153846153846
0 0.9134615384615384 0.30288461538461536 0.055288461538461536 0.12860576923076922
0 0.9627403846153846 0.3112980769230769 0.07211538461538461 0.12860576923076922