0 0.002403846153846154 0.8401442307692307 0.004807692307692308 0.020432692307692308
0 0.008413461538461538 0.9110576923076923 0.016826923076923076 0.12620192307692307
0 0.013221153846153846 0.8389423076923077 0.009615384615384616 0.018028846153846152
0 0.028846153846153848 0.8377403846153846 0.010817307692307692 0.02283653846153846
0 0.03485576923076923 0.8389423076923077 0.014423076923076924 0.02283653846153846
0 0.04447115384615385 0.8353365384615384 0.01201923076923077 0.019230769230769232
0 0.057692307692307696 0.8401442307692307 0.013221153846153846 0.02403846153846154
0 0.07451923076923077 0.8401442307692307 0.01201923076923077 0.02403846153846154
0 0.0829326923076923 0.8413461538461539 0.01201923076923077 0.02283653846153846
0 0.09735576923076923 0.8401442307692307 0.010817307692307692 0.02403846153846154
0 0.10697115384615384 0.8413461538461539 0.009615384615384616 0.02283653846153846
0 0.11538461538461539 0.8413461538461539 0.007211538461538462 0.02283653846153846
0 0.12379807692307693 0.84375 0.007211538461538462 0.019230769230769232
0 0.13341346153846154 0.8401442307692307 0.006009615384615385 0.02403846153846154
0 0.14423076923076922 0.8389423076923077 0.009615384615384616 0.025240384615384616
0 0.15865384615384615 0.8389423076923077 0.013221153846153846 0.027644230769230768
0 0.16105769230769232 0.8473557692307693 0.018028846153846152 0.03365384615384615
0 0.19230769230769232 0.8617788461538461 0.04927884615384615 0.078125
0 0.17427884615384615 0.8413461538461539 0.009615384615384616 0.027644230769230768
0 0.18389423076923078 0.8413461538461539 0.010817307692307692 0.025240384615384616
0 0.2091346153846154 0.8401442307692307 0.010817307692307692 0.02403846153846154
0 0.21875 0.8365384615384616 0.010817307692307692 0.018028846153846152
0 0.23677884615384615 0.8641826923076923 0.04567307692307692 0.08052884615384616
0 0.22956730769230768 0.8389423076923077 0.01201923076923077 0.02283653846153846
0 0.2644230769230769 0.9242788461538461 0.06370192307692307 0.1502403846153846
0 0.25600961538461536 0.8329326923076923 0.009615384615384616 0.007211538461538462
0 0.2620192307692308 0.8377403846153846 0.010817307692307692 0.015625
0 0.2692307692307692 0.8317307692307693 0.009615384615384616 0.008413461538461538
0 0.27524038461538464 0.8305288461538461 0.006009615384615385 0.006009615384615385
0 0.2776442307692308 0.8329326923076923 0.010817307692307692 0.014423076923076924
0 0.2860576923076923 0.8353365384615384 0.009615384615384616 0.013221153846153846
0 0.29927884615384615 0.8629807692307693 0.016826923076923076 0.056490384615384616
0 0.31490384615384615 0.8677884615384616 0.046875 0.06850961538461539
0 0.2980769230769231 0.84375 0.01201923076923077 0.025240384615384616
0 0.3076923076923077 0.8365384615384616 0.014423076923076924 0.014423076923076924
0 0.3401442307692308 0.921875 0.07932692307692307 0.15384615384615385
0 0.3293269230769231 0.8365384615384616 0.020432692307692308 0.015625
0 0.33052884615384615 0.8449519230769231 0.015625 0.013221153846153846
0 0.34615384615384615 0.8413461538461539 0.027644230769230768 0.028846153846153848
0 0.34975961538461536 0.8329326923076923 0.01201923076923077 0.013221153846153846
0 0.3762019230769231 0.8629807692307693 0.03245192307692308 0.06850961538461539
0 0.38461538461538464 0.8365384615384616 0.018028846153846152 0.020432692307692308
0 0.41947115384615385 0.9290865384615384 0.08774038461538461 0.140625
0 0.3942307692307692 0.8389423076923077 0.021634615384615384 0.025240384615384616
0 0.4014423076923077 0.8317307692307693 0.014423076923076924 0.007211538461538462
0 0.4098557692307692 0.8569711538461539 0.021634615384615384 0.06129807692307692
0 0.4254807692307692 0.8497596153846154 0.03365384615384615 0.038461538461538464
0 0.4519230769230769 0.8677884615384616 0.019230769230769232 0.03245192307692308
0 0.47596153846153844 0.8641826923076923 0.03365384615384615 0.055288461538461536
0 0.5036057692307693 0.921875 0.08653846153846154 0.15384615384615385
0 0.47836538461538464 0.8161057692307693 0.01201923076923077 0.027644230769230768
0 0.5264423076923077 0.9194711538461539 0.10817307692307693 0.15985576923076922
0 0.48677884615384615 0.8185096153846154 0.018028846153846152 0.03485576923076923
0 0.4891826923076923 0.84375 0.015625 0.015625
0 0.5108173076923077 0.8257211538461539 0.028846153846153848 0.04927884615384615
0 0.53125 0.8233173076923077 0.027644230769230768 0.04326923076923077
0 0.5348557692307693 0.8161057692307693 0.025240384615384616 0.037259615384615384
0 0.5661057692307693 0.8197115384615384 0.027644230769230768 0.03365384615384615
0 0.5721153846153846 0.8689903846153846 0.03245192307692308 0.08052884615384616
0 0.6045673076923077 0.8665865384615384 0.037259615384615384 0.06610576923076923
0 0.7572115384615384 0.9098557692307693 0.06370192307692307 0.125
0 0.8762019230769231 0.9086538461538461 0.06129807692307692 0.1346153846153846
0 0.9074519230769231 0.8990384615384616 0.04927884615384615 0.12980769230769232
0 0.9675480769230769 0.8762019230769231 0.06129807692307692 0.06129807692307692
0 0.9735576923076923 0.8858173076923077 0.03245192307692308 0.020432692307692308