0 0.5 0.23918269230769232 0.9987980769230769 0.47836538461538464
0 0.01201923076923077 0.515625 0.02403846153846154 0.10336538461538461
0 0.039663461538461536 0.5108173076923077 0.036057692307692304 0.10817307692307693
0 0.09014423076923077 0.5048076923076923 0.04447115384615385 0.12620192307692307
0 0.14302884615384615 0.4879807692307692 0.06370192307692307 0.171875
0 0.203125 0.4951923076923077 0.03245192307692308 0.14302884615384615
0 0.2860576923076923 0.5108173076923077 0.03245192307692308 0.08413461538461539
0 0.5228365384615384 0.4963942307692308 0.3581730769230769 0.7079326923076923
0 0.5288461538461539 0.5300480769230769 0.32091346153846156 0.734375
0 0.6334134615384616 0.5228365384615384 0.028846153846153848 0.11057692307692307
0 0.7824519230769231 0.5132211538461539 0.0625 0.14182692307692307
0 0.8185096153846154 0.5060096153846154 0.04807692307692308 0.18509615384615385
0 0.8870192307692307 0.5060096153846154 0.037259615384615384 0.13221153846153846
0 0.9242788461538461 0.5048076923076923 0.04807692307692308 0.1935096153846154