0 0.009615384615384616 0.3137019230769231 0.018028846153846152 0.09375
0 0.03485576923076923 0.5985576923076923 0.06971153846153846 0.47475961538461536
0 0.038461538461538464 0.41586538461538464 0.028846153846153848 0.07451923076923077
0 0.078125 0.48197115384615385 0.055288461538461536 0.203125
0 0.0985576923076923 0.39783653846153844 0.03485576923076923 0.07932692307692307
0 0.27884615384615385 0.375 0.09134615384615384 0.4519230769230769
0 0.42427884615384615 0.25240384615384615 0.09615384615384616 0.25240384615384615
0 0.5348557692307693 0.29447115384615385 0.037259615384615384 0.05889423076923077
0 0.5817307692307693 0.3605769230769231 0.09975961538461539 0.5288461538461539
0 0.7439903846153846 0.34975961538461536 0.13701923076923078 0.5552884615384616
0 0.8257211538461539 0.31009615384615385 0.037259615384615384 0.08533653846153846
0 0.875 0.30649038461538464 0.037259615384615384 0.040865384615384616
0 0.8822115384615384 0.39903846153846156 0.04567307692307692 0.11899038461538461
0 0.9278846153846154 0.4483173076923077 0.078125 0.1502403846153846
0 0.9122596153846154 0.3449519230769231 0.042067307692307696 0.0985576923076923
0 0.9375 0.2860576923076923 0.05889423076923077 0.055288461538461536
0 0.9759615384615384 0.39663461538461536 0.04567307692307692 0.0985576923076923
0 0.9771634615384616 0.33533653846153844 0.04326923076923077 0.06009615384615385
0 0.9891826923076923 0.28725961538461536 0.019230769230769232 0.0829326923076923