0 0.0625 0.6466346153846154 0.125 0.7007211538461539
0 0.15384615384615385 0.6526442307692307 0.14903846153846154 0.6923076923076923
0 0.23798076923076922 0.6466346153846154 0.13581730769230768 0.7043269230769231
0 0.30528846153846156 0.6165865384615384 0.1310096153846154 0.7319711538461539
0 0.3629807692307692 0.5889423076923077 0.10216346153846154 0.7079326923076923
0 0.4423076923076923 0.5625 0.11538461538461539 0.6586538461538461
0 0.49038461538461536 0.5685096153846154 0.06971153846153846 0.6129807692307693
0 0.5829326923076923 0.6334134615384616 0.17427884615384615 0.7271634615384616
0 0.5324519230769231 0.5576923076923077 0.06370192307692307 0.5889423076923077
0 0.6971153846153846 0.640625 0.14423076923076922 0.7163461538461539
0 0.7608173076923077 0.609375 0.13221153846153846 0.7752403846153846
0 0.796875 0.5985576923076923 0.08052884615384616 0.7391826923076923
0 0.7944711538461539 0.3125 0.021634615384615384 0.038461538461538464
0 0.8329326923076923 0.5733173076923077 0.09615384615384616 0.6947115384615384
0 0.8713942307692307 0.5745192307692307 0.08413461538461539 0.6394230769230769
0 0.84375 0.25 0.016826923076923076 0.02283653846153846
0 0.9086538461538461 0.5408653846153846 0.09615384615384616 0.6274038461538461
0 0.9447115384615384 0.5480769230769231 0.09134615384615384 0.5865384615384616
0 0.9242788461538461 0.24278846153846154 0.02403846153846154 0.02403846153846154
0 0.96875 0.49038461538461536 0.06009615384615385 0.5973557692307693
0 0.9507211538461539 0.25961538461538464 0.020432692307692308 0.06129807692307692
0 0.9639423076923077 0.25721153846153844 0.01201923076923077 0.04927884615384615