0 0.015625 0.9579326923076923 0.030048076923076924 0.08173076923076923
0 0.040865384615384616 0.9603365384615384 0.040865384615384616 0.07692307692307693
0 0.06370192307692307 0.9579326923076923 0.03365384615384615 0.08173076923076923
0 0.0889423076923077 0.9555288461538461 0.03485576923076923 0.0829326923076923
0 0.16947115384615385 0.9747596153846154 0.038461538461538464 0.046875
0 0.20432692307692307 0.9651442307692307 0.03485576923076923 0.06370192307692307
0 0.23918269230769232 0.96875 0.038461538461538464 0.06129807692307692
0 0.3545673076923077 0.9519230769230769 0.028846153846153848 0.09375
0 0.38341346153846156 0.9651442307692307 0.028846153846153848 0.06370192307692307
0 0.6057692307692307 0.9483173076923077 0.19951923076923078 0.10096153846153846
0 0.7512019230769231 0.9579326923076923 0.03485576923076923 0.08173076923076923
0 0.8269230769230769 0.96875 0.036057692307692304 0.06129807692307692