0 0.3004807692307692 0.7139423076923077 0.016826923076923076 0.12139423076923077
0 0.4182692307692308 0.9543269230769231 0.038461538461538464 0.0889423076923077
0 0.46153846153846156 0.9338942307692307 0.038461538461538464 0.12860576923076922
0 0.4951923076923077 0.8882211538461539 0.027644230769230768 0.06490384615384616
0 0.5276442307692307 0.625 0.020432692307692308 0.0733173076923077
0 0.5540865384615384 0.9206730769230769 0.037259615384615384 0.15504807692307693
0 0.6021634615384616 0.9447115384615384 0.039663461538461536 0.10817307692307693
0 0.6045673076923077 0.8413461538461539 0.03485576923076923 0.11177884615384616
0 0.6442307692307693 0.828125 0.03365384615384615 0.13221153846153846
0 0.6887019230769231 0.9242788461538461 0.027644230769230768 0.08173076923076923
0 0.7007211538461539 0.7836538461538461 0.02403846153846154 0.10096153846153846
0 0.8173076923076923 0.4639423076923077 0.11899038461538461 0.2403846153846154