0 0.078125 0.5925480769230769 0.09134615384615384 0.29927884615384615
0 0.15625 0.5961538461538461 0.06610576923076923 0.265625
0 0.20072115384615385 0.8353365384615384 0.11057692307692307 0.14302884615384615
0 0.16105769230769232 0.5661057692307693 0.02403846153846154 0.19951923076923078
0 0.24158653846153846 0.6286057692307693 0.07692307692307693 0.3701923076923077
0 0.2860576923076923 0.9350961538461539 0.09615384615384616 0.125
0 0.3269230769230769 0.6286057692307693 0.0889423076923077 0.3737980769230769
0 0.35697115384615385 0.5588942307692307 0.026442307692307692 0.17067307692307693
0 0.4254807692307692 0.59375 0.10216346153846154 0.36778846153846156
0 0.46033653846153844 0.5036057692307693 0.03365384615384615 0.1466346153846154
0 0.5949519230769231 0.8786057692307693 0.13701923076923078 0.23798076923076922
0 0.6105769230769231 0.5853365384615384 0.08413461538461539 0.30288461538461536
0 0.6694711538461539 0.5264423076923077 0.057692307692307696 0.18028846153846154
0 0.703125 0.6117788461538461 0.06370192307692307 0.1466346153846154
0 0.734375 0.5432692307692307 0.04326923076923077 0.18629807692307693
0 0.78125 0.5372596153846154 0.046875 0.19110576923076922
0 0.8497596153846154 0.6117788461538461 0.08653846153846154 0.4170673076923077
0 0.8197115384615384 0.4651442307692308 0.021634615384615384 0.04447115384615385
0 0.8834134615384616 0.9266826923076923 0.1201923076923077 0.140625
0 0.921875 0.6153846153846154 0.11538461538461539 0.3449519230769231
0 0.9759615384615384 0.5600961538461539 0.04567307692307692 0.1658653846153846