0 0.7872596153846154 0.4266826923076923 0.19110576923076922 0.25961538461538464
0 0.11298076923076923 0.19471153846153846 0.22596153846153846 0.12379807692307693
0 0.1201923076923077 0.5384615384615384 0.23918269230769232 0.4387019230769231
0 0.15264423076923078 0.30408653846153844 0.30528846153846156 0.25721153846153844
0 0.2247596153846154 0.6370192307692307 0.3894230769230769 0.5216346153846154
0 0.26322115384615385 0.7956730769230769 0.45552884615384615 0.40384615384615385
0 0.24519230769230768 0.16826923076923078 0.06490384615384616 0.03365384615384615
0 0.4170673076923077 0.3605769230769231 0.2403846153846154 0.19110576923076922
0 0.3798076923076923 0.16105769230769232 0.013221153846153846 0.026442307692307692
0 0.3954326923076923 0.15264423076923078 0.009615384615384616 0.020432692307692308
0 0.5432692307692307 0.30649038461538464 0.16706730769230768 0.34375
0 0.4963942307692308 0.15264423076923078 0.009615384615384616 0.015625
0 0.9387019230769231 0.9026442307692307 0.12139423076923077 0.18990384615384615
0 0.9675480769230769 0.4266826923076923 0.06370192307692307 0.18629807692307693