0 0.21394230769230768 0.5072115384615384 0.021634615384615384 0.09014423076923077
0 0.24759615384615385 0.5120192307692307 0.025240384615384616 0.08052884615384616
0 0.2860576923076923 0.5108173076923077 0.028846153846153848 0.10336538461538461
0 0.32211538461538464 0.5168269230769231 0.021634615384615384 0.0889423076923077
0 0.3425480769230769 0.5096153846153846 0.027644230769230768 0.10096153846153846
0 0.38341346153846156 0.5661057692307693 0.03365384615384615 0.06610576923076923
0 0.4110576923076923 0.5673076923076923 0.037259615384615384 0.07572115384615384
0 0.41466346153846156 0.5072115384615384 0.02403846153846154 0.09134615384615384
0 0.4362980769230769 0.5132211538461539 0.019230769230769232 0.12259615384615384
0 0.4543269230769231 0.5132211538461539 0.028846153846153848 0.13221153846153846
0 0.4879807692307692 0.5324519230769231 0.037259615384615384 0.12740384615384615
0 0.5276442307692307 0.5348557692307693 0.039663461538461536 0.1466346153846154
0 0.5384615384615384 0.5192307692307693 0.02403846153846154 0.13221153846153846
0 0.5793269230769231 0.5348557692307693 0.03245192307692308 0.15625
0 0.6081730769230769 0.5300480769230769 0.02403846153846154 0.1466346153846154
0 0.65625 0.5324519230769231 0.039663461538461536 0.140625
0 0.65625 0.5252403846153846 0.027644230769230768 0.14543269230769232
0 0.7079326923076923 0.5384615384615384 0.036057692307692304 0.171875
0 0.7295673076923077 0.5252403846153846 0.02403846153846154 0.18028846153846154
0 0.7524038461538461 0.5444711538461539 0.038461538461538464 0.17427884615384615
0 0.7716346153846154 0.5360576923076923 0.020432692307692308 0.16346153846153846
0 0.8016826923076923 0.5420673076923077 0.04447115384615385 0.19471153846153846
0 0.8545673076923077 0.5492788461538461 0.04326923076923077 0.18870192307692307
0 0.9110576923076923 0.5540865384615384 0.04927884615384615 0.20072115384615385
0 0.9663461538461539 0.5492788461538461 0.04807692307692308 0.20552884615384615