0 0.47716346153846156 0.7596153846153846 0.12740384615384615 0.3076923076923077
0 0.039663461538461536 0.8040865384615384 0.06129807692307692 0.3485576923076923
0 0.07572115384615384 0.4891826923076923 0.026442307692307692 0.078125
0 0.12980769230769232 0.7620192307692307 0.12139423076923077 0.39903846153846156
0 0.22235576923076922 0.5096153846153846 0.027644230769230768 0.11057692307692307
0 0.2980769230769231 0.5204326923076923 0.020432692307692308 0.10697115384615384
0 0.35697115384615385 0.5396634615384616 0.026442307692307692 0.13221153846153846
0 0.49278846153846156 0.5396634615384616 0.03245192307692308 0.13581730769230768
0 0.5204326923076923 0.5372596153846154 0.02283653846153846 0.15504807692307693
0 0.7271634615384616 0.6370192307692307 0.04326923076923077 0.19471153846153846
0 0.7524038461538461 0.5456730769230769 0.028846153846153848 0.09495192307692307
0 0.7836538461538461 0.640625 0.04447115384615385 0.13942307692307693
0 0.8137019230769231 0.5997596153846154 0.027644230769230768 0.21514423076923078
0 0.859375 0.5817307692307693 0.055288461538461536 0.23317307692307693
0 0.9050480769230769 0.5288461538461539 0.036057692307692304 0.08774038461538461
0 0.9086538461538461 0.484375 0.028846153846153848 0.056490384615384616
0 0.9447115384615384 0.5709134615384616 0.04567307692307692 0.2439903846153846