0 0.03365384615384615 0.9495192307692307 0.0673076923076923 0.09615384615384616
0 0.16706730769230768 0.9639423076923077 0.09014423076923077 0.07091346153846154
0 0.20673076923076922 0.6538461538461539 0.07451923076923077 0.19951923076923078
0 0.22115384615384615 0.3870192307692308 0.07211538461538461 0.18269230769230768
0 0.3088942307692308 0.6622596153846154 0.07451923076923077 0.17067307692307693
0 0.3088942307692308 0.9447115384615384 0.06850961538461539 0.109375
0 0.32091346153846156 0.39903846153846156 0.07692307692307693 0.17307692307692307
0 0.4254807692307692 0.6478365384615384 0.07932692307692307 0.1935096153846154
0 0.43149038461538464 0.4050480769230769 0.06610576923076923 0.17908653846153846
0 0.5360576923076923 0.6262019230769231 0.08653846153846154 0.25721153846153844
0 0.5348557692307693 0.3473557692307692 0.042067307692307696 0.06971153846153846
0 0.6442307692307693 0.4014423076923077 0.0733173076923077 0.18269230769230768
0 0.640625 0.6658653846153846 0.06490384615384616 0.16947115384615385
0 0.7415865384615384 0.39302884615384615 0.08173076923076923 0.18990384615384615
0 0.8365384615384616 0.36778846153846156 0.07211538461538461 0.21995192307692307
0 0.8377403846153846 0.6670673076923077 0.0673076923076923 0.18870192307692307