0 0.039663461538461536 0.40384615384615385 0.03485576923076923 0.11538461538461539
0 0.09375 0.39783653846153844 0.056490384615384616 0.09495192307692307
0 0.15865384615384615 0.4495192307692308 0.025240384615384616 0.13341346153846154
0 0.20552884615384615 0.1502403846153846 0.025240384615384616 0.07451923076923077
0 0.3016826923076923 0.5949519230769231 0.046875 0.14182692307692307
0 0.31850961538461536 0.09014423076923077 0.018028846153846152 0.0673076923076923
0 0.34975961538461536 0.5721153846153846 0.030048076923076924 0.15384615384615385
0 0.36899038461538464 0.5865384615384616 0.03365384615384615 0.12139423076923077
0 0.38221153846153844 0.5444711538461539 0.019230769230769232 0.07932692307692307
0 0.39783653846153844 0.5564903846153846 0.027644230769230768 0.06850961538461539
0 0.40625 0.18028846153846154 0.028846153846153848 0.08173076923076923
0 0.4098557692307692 0.22716346153846154 0.028846153846153848 0.052884615384615384
0 0.5757211538461539 0.12740384615384615 0.021634615384615384 0.07211538461538461
0 0.734375 0.35336538461538464 0.02283653846153846 0.1201923076923077
0 0.7403846153846154 0.7475961538461539 0.03365384615384615 0.06850961538461539
0 0.7740384615384616 0.7764423076923077 0.028846153846153848 0.05889423076923077
0 0.7728365384615384 0.36177884615384615 0.021634615384615384 0.12259615384615384
0 0.7836538461538461 0.7536057692307693 0.040865384615384616 0.109375
0 0.8161057692307693 0.07211538461538461 0.02403846153846154 0.06610576923076923