0 0.789 0.7093333333333334 0.042 0.16533333333333333
0 0.673 0.716 0.034 0.13066666666666665
0 0.727 0.7133333333333334 0.046 0.15733333333333333
0 0.734 0.7026666666666667 0.048 0.136
0 0.965 0.6586666666666666 0.014 0.048
0 0.947 0.6546666666666666 0.014 0.056
0 0.937 0.6533333333333333 0.014 0.048
0 0.917 0.652 0.018 0.050666666666666665
0 0.925 0.656 0.01 0.048
0 0.882 0.6506666666666666 0.012 0.042666666666666665
0 0.874 0.6506666666666666 0.012 0.042666666666666665
0 0.856 0.6533333333333333 0.012 0.037333333333333336
0 0.828 0.6546666666666666 0.012 0.04533333333333334
0 0.836 0.6493333333333333 0.012 0.04
0 0.841 0.6506666666666666 0.006 0.032
0 0.846 0.6493333333333333 0.008 0.04
0 0.769 0.644 0.014 0.04
0 0.754 0.6413333333333333 0.012 0.034666666666666665