0 0.658 0.8213333333333334 0.072 0.20266666666666666
0 0.969 0.8013333333333333 0.054 0.168
0 0.212 0.892 0.064 0.21066666666666667
0 0.796 0.632 0.024 0.08
0 0.177 0.492 0.054 0.08266666666666667
0 0.353 0.5186666666666667 0.022 0.04
0 0.402 0.5173333333333333 0.02 0.048
0 0.425 0.5173333333333333 0.03 0.048
0 0.62 0.5186666666666667 0.032 0.04533333333333334
0 0.68 0.5266666666666666 0.024 0.029333333333333333
0 0.457 0.5213333333333333 0.022 0.034666666666666665
0 0.507 0.5186666666666667 0.026 0.04533333333333334
0 0.582 0.5213333333333333 0.028 0.04533333333333334
0 0.737 0.624 0.018 0.08