0 0.204 0.6081081081081081 0.136 0.6576576576576577
0 0.35 0.6291291291291291 0.128 0.6276276276276276
0 0.501 0.6561561561561562 0.122 0.5855855855855856
0 0.082 0.527027027027027 0.1 0.3993993993993994
0 0.884 0.5915915915915916 0.068 0.18618618618618618
0 0.918 0.8048048048048048 0.12 0.3063063063063063
0 0.811 0.5780780780780781 0.09 0.1891891891891892
0 0.447 0.43093093093093093 0.066 0.17117117117117117
0 0.562 0.4864864864864865 0.06 0.1921921921921922
0 0.728 0.5825825825825826 0.072 0.2702702702702703
0 0.255 0.3843843843843844 0.082 0.22822822822822822
0 0.024 0.3993993993993994 0.048 0.13213213213213212