0 0.978 0.4425981873111782 0.04 0.16012084592145015
0 0.951 0.44108761329305135 0.094 0.18731117824773413
0 0.895 0.5513595166163142 0.13 0.25075528700906347
0 0.895 0.6691842900302115 0.178 0.36555891238670696
0 0.733 0.5030211480362538 0.11 0.1903323262839879
0 0.709 0.756797583081571 0.19 0.4199395770392749
0 0.654 0.44561933534743203 0.052 0.12386706948640483
0 0.617 0.4879154078549849 0.094 0.20241691842900303
0 0.521 0.5332326283987915 0.106 0.19637462235649547
0 0.532 0.7537764350453172 0.18 0.4199395770392749
0 0.406 0.6873111782477341 0.104 0.44410876132930516