0 0.213 0.8104838709677419 0.126 0.3521505376344086
0 0.349 0.6854838709677419 0.09 0.13978494623655913
0 0.411 0.821236559139785 0.174 0.3521505376344086
0 0.451 0.6626344086021505 0.046 0.07795698924731183
0 0.512 0.760752688172043 0.108 0.25806451612903225
0 0.576 0.5940860215053764 0.048 0.11827956989247312
0 0.563 0.7083333333333334 0.098 0.30376344086021506
0 0.63 0.6922043010752689 0.06 0.28763440860215056
0 0.701 0.6922043010752689 0.094 0.2768817204301075
0 0.984 0.47446236559139787 0.028 0.08333333333333333
0 0.803 0.581989247311828 0.046 0.051075268817204304
0 0.766 0.6303763440860215 0.072 0.1532258064516129
0 0.836 0.625 0.06 0.12096774193548387
0 0.952 0.5591397849462365 0.06 0.08064516129032258
0 0.96 0.6061827956989247 0.076 0.12634408602150538
0 0.937 0.6209677419354839 0.106 0.12365591397849462