0 0.06971153846153846 0.5625 0.13942307692307693 0.31971153846153844
0 0.17427884615384615 0.5456730769230769 0.11538461538461539 0.23076923076923078
0 0.28846153846153844 0.4326923076923077 0.10576923076923077 0.19591346153846154
0 0.3798076923076923 0.3954326923076923 0.09735576923076923 0.15865384615384615
0 0.47115384615384615 0.7980769230769231 0.25841346153846156 0.4026442307692308
0 0.41586538461538464 0.35336538461538464 0.06009615384615385 0.11778846153846154
0 0.5048076923076923 0.3293269230769231 0.11057692307692307 0.13942307692307693
0 0.5516826923076923 0.3233173076923077 0.08653846153846154 0.12139423076923077
0 0.5793269230769231 0.3016826923076923 0.04567307692307692 0.12139423076923077
0 0.6574519230769231 0.3137019230769231 0.15144230769230768 0.359375
0 0.6057692307692307 0.2824519230769231 0.020432692307692308 0.07211538461538461
0 0.765625 0.6045673076923077 0.19230769230769232 0.40625
0 0.7463942307692307 0.2776442307692308 0.04567307692307692 0.0985576923076923
0 0.8257211538461539 0.5012019230769231 0.12259615384615384 0.2536057692307692
0 0.8064903846153846 0.2824519230769231 0.052884615384615384 0.11177884615384616
0 0.8689903846153846 0.3125 0.052884615384615384 0.08173076923076923
0 0.9254807692307693 0.38341346153846156 0.11177884615384616 0.21394230769230768
0 0.9242788461538461 0.28966346153846156 0.057692307692307696 0.10216346153846154