0 0.04567307692307692 0.5540865384615384 0.02403846153846154 0.11538461538461539
0 0.06610576923076923 0.5540865384615384 0.02283653846153846 0.09495192307692307
0 0.0673076923076923 0.4807692307692308 0.026442307692307692 0.06971153846153846
0 0.10216346153846154 0.5360576923076923 0.030048076923076924 0.10697115384615384
0 0.14423076923076922 0.5444711538461539 0.037259615384615384 0.06129807692307692
0 0.21394230769230768 0.515625 0.028846153846153848 0.0889423076923077
0 0.25 0.5132211538461539 0.02403846153846154 0.04447115384615385
0 0.2704326923076923 0.49038461538461536 0.026442307692307692 0.05048076923076923
0 0.2848557692307692 0.8786057692307693 0.018028846153846152 0.10817307692307693
0 0.4879807692307692 0.7019230769230769 0.026442307692307692 0.06850961538461539
0 0.5264423076923077 0.7235576923076923 0.04447115384615385 0.06971153846153846
0 0.9002403846153846 0.7692307692307693 0.03125 0.08653846153846154