0 0.7788461538461539 0.5516826923076923 0.43990384615384615 0.8942307692307693
0 0.6430288461538461 0.3858173076923077 0.030048076923076924 0.08413461538461539
0 0.6586538461538461 0.25841346153846156 0.015625 0.08052884615384616
0 0.6802884615384616 0.36778846153846156 0.014423076923076924 0.04326923076923077
0 0.6959134615384616 0.25721153846153844 0.025240384615384616 0.05889423076923077
0 0.7127403846153846 0.375 0.018028846153846152 0.05889423076923077
0 0.7283653846153846 0.24759615384615385 0.021634615384615384 0.04326923076923077
0 0.7403846153846154 0.140625 0.021634615384615384 0.06370192307692307
0 0.7560096153846154 0.2668269230769231 0.021634615384615384 0.055288461538461536
0 0.7704326923076923 0.15144230769230768 0.021634615384615384 0.05048076923076923
0 0.7764423076923077 0.2776442307692308 0.019230769230769232 0.06129807692307692
0 0.7872596153846154 0.4050480769230769 0.02403846153846154 0.08052884615384616
0 0.796875 0.16346153846153846 0.028846153846153848 0.046875
0 0.8064903846153846 0.2704326923076923 0.015625 0.042067307692307696
0 0.8221153846153846 0.16826923076923078 0.016826923076923076 0.04567307692307692