0 0.030048076923076924 0.6670673076923077 0.018028846153846152 0.03365384615384615
0 0.052884615384615384 0.6598557692307693 0.016826923076923076 0.038461538461538464
0 0.07451923076923077 0.6514423076923077 0.019230769230769232 0.042067307692307696
0 0.16947115384615385 0.7908653846153846 0.056490384615384616 0.055288461538461536
0 0.18629807692307693 0.6610576923076923 0.037259615384615384 0.05048076923076923
0 0.2247596153846154 0.6766826923076923 0.036057692307692304 0.0625
0 0.2536057692307692 0.5769230769230769 0.015625 0.09495192307692307
0 0.38822115384615385 0.8209134615384616 0.04326923076923077 0.10336538461538461
0 0.40384615384615385 0.6706730769230769 0.04447115384615385 0.040865384615384616
0 0.4543269230769231 0.8858173076923077 0.06850961538461539 0.11778846153846154
0 0.4831730769230769 0.6971153846153846 0.036057692307692304 0.06370192307692307
0 0.5192307692307693 0.6959134615384616 0.037259615384615384 0.0889423076923077
0 0.5600961538461539 0.6850961538461539 0.025240384615384616 0.057692307692307696
0 0.59375 0.6682692307692307 0.02403846153846154 0.055288461538461536
0 0.6418269230769231 0.8173076923076923 0.06850961538461539 0.17307692307692307
0 0.6490384615384616 0.9302884615384616 0.08052884615384616 0.09254807692307693
0 0.7259615384615384 0.6766826923076923 0.04807692307692308 0.04567307692307692
0 0.7295673076923077 0.6274038461538461 0.020432692307692308 0.04326923076923077
0 0.7716346153846154 0.8834134615384616 0.056490384615384616 0.11177884615384616
0 0.7908653846153846 0.6237980769230769 0.018028846153846152 0.046875
0 0.8365384615384616 0.7800480769230769 0.06129807692307692 0.06009615384615385
0 0.8737980769230769 0.6646634615384616 0.019230769230769232 0.03365384615384615
0 0.9651442307692307 0.6622596153846154 0.028846153846153848 0.04326923076923077
0 0.9855769230769231 0.6646634615384616 0.020432692307692308 0.03365384615384615