0 0.040865384615384616 0.33413461538461536 0.08173076923076923 0.15865384615384615
0 0.11298076923076923 0.7788461538461539 0.22596153846153846 0.2536057692307692
0 0.14423076923076922 0.3233173076923077 0.18028846153846154 0.14543269230769232
0 0.19951923076923078 0.5576923076923077 0.1502403846153846 0.07692307692307693
0 0.2776442307692308 0.7824519230769231 0.25240384615384615 0.24519230769230768
0 0.203125 0.45552884615384615 0.010817307692307692 0.027644230769230768
0 0.2127403846153846 0.4579326923076923 0.008413461538461538 0.02283653846153846
0 0.21875 0.45552884615384615 0.009615384615384616 0.02283653846153846
0 0.22596153846153846 0.47716346153846156 0.014423076923076924 0.020432692307692308
0 0.31971153846153844 0.32211538461538464 0.18269230769230768 0.16466346153846154
0 0.24158653846153846 0.4579326923076923 0.013221153846153846 0.030048076923076924
0 0.25961538461538464 0.4543269230769231 0.014423076923076924 0.04567307692307692
0 0.3449519230769231 0.5576923076923077 0.11057692307692307 0.06971153846153846
0 0.4807692307692308 0.7764423076923077 0.21754807692307693 0.23918269230769232
0 0.4110576923076923 0.4699519230769231 0.010817307692307692 0.027644230769230768
0 0.421875 0.46634615384615385 0.008413461538461538 0.026442307692307692
0 0.5024038461538461 0.3233173076923077 0.16346153846153846 0.140625
0 0.4326923076923077 0.4639423076923077 0.010817307692307692 0.026442307692307692
0 0.5012019230769231 0.5564903846153846 0.11778846153846154 0.078125
0 0.6346153846153846 0.5564903846153846 0.12620192307692307 0.08173076923076923
0 0.6826923076923077 0.3173076923076923 0.15985576923076922 0.15625
0 0.7007211538461539 0.7884615384615384 0.1971153846153846 0.24158653846153846
0 0.6826923076923077 0.4579326923076923 0.07572115384615384 0.042067307692307696
0 0.7800480769230769 0.5528846153846154 0.1502403846153846 0.07692307692307693
0 0.8762019230769231 0.3137019230769231 0.1935096153846154 0.15144230769230768
0 0.9002403846153846 0.7824519230769231 0.19831730769230768 0.24519230769230768
0 0.8810096153846154 0.4567307692307692 0.0673076923076923 0.06129807692307692
0 0.9615384615384616 0.5576923076923077 0.07211538461538461 0.0673076923076923
0 0.9795673076923077 0.3112980769230769 0.038461538461538464 0.15144230769230768