0 0.28725961538461536 0.16466346153846154 0.14423076923076922 0.3293269230769231
0 0.11057692307692307 0.35336538461538464 0.08413461538461539 0.2980769230769231
0 0.2091346153846154 0.8233173076923077 0.13942307692307693 0.3161057692307692
0 0.30288461538461536 0.3329326923076923 0.0889423076923077 0.22115384615384615
0 0.4170673076923077 0.8557692307692307 0.1814903846153846 0.28125
0 0.4675480769230769 0.38461538461538464 0.05048076923076923 0.19831730769230768
0 0.5216346153846154 0.03485576923076923 0.042067307692307696 0.06850961538461539
0 0.5769230769230769 0.4026442307692308 0.12860576923076922 0.1935096153846154
0 0.6682692307692307 0.7451923076923077 0.14182692307692307 0.14783653846153846
0 0.7932692307692307 0.2848557692307692 0.13942307692307693 0.1875
0 0.859375 0.5889423076923077 0.20673076923076922 0.2439903846153846