0 0.6117788461538461 0.5649038461538461 0.11298076923076923 0.24879807692307693
0 0.07572115384615384 0.46875 0.056490384615384616 0.2704326923076923
0 0.14302884615384615 0.5588942307692307 0.10697115384615384 0.1502403846153846
0 0.15384615384615385 0.421875 0.038461538461538464 0.12259615384615384
0 0.15504807692307693 0.5072115384615384 0.038461538461538464 0.12620192307692307
0 0.17548076923076922 0.4543269230769231 0.03245192307692308 0.09254807692307693
0 0.22355769230769232 0.5288461538461539 0.09615384615384616 0.18870192307692307
0 0.22115384615384615 0.453125 0.04807692307692308 0.08533653846153846
0 0.3112980769230769 0.5600961538461539 0.10697115384615384 0.20673076923076922
0 0.3858173076923077 0.4387019230769231 0.030048076923076924 0.171875
0 0.40865384615384615 0.4519230769230769 0.03485576923076923 0.15985576923076922
0 0.43509615384615385 0.3918269230769231 0.021634615384615384 0.054086538461538464
0 0.4639423076923077 0.49038461538461536 0.07692307692307693 0.11538461538461539
0 0.4483173076923077 0.3954326923076923 0.027644230769230768 0.04927884615384615
0 0.6971153846153846 0.515625 0.08653846153846154 0.13942307692307693
0 0.7007211538461539 0.46033653846153844 0.0625 0.07932692307692307
0 0.6887019230769231 0.4495192307692308 0.03365384615384615 0.06129807692307692
0 0.7680288461538461 0.484375 0.055288461538461536 0.10216346153846154
0 0.8125 0.4987980769230769 0.06129807692307692 0.13221153846153846
0 0.9350961538461539 0.5072115384615384 0.09975961538461539 0.31490384615384615
0 0.9927884615384616 0.5324519230769231 0.013221153846153846 0.26802884615384615