0 0.46274038461538464 0.6286057692307693 0.05889423076923077 0.21995192307692307
0 0.04927884615384615 0.5240384615384616 0.042067307692307696 0.10817307692307693
0 0.08774038461538461 0.5336538461538461 0.04326923076923077 0.11298076923076923
0 0.36658653846153844 0.6213942307692307 0.04927884615384615 0.21875
0 0.39663461538461536 0.6189903846153846 0.019230769230769232 0.22355769230769232
0 0.4206730769230769 0.6201923076923077 0.037259615384615384 0.2247596153846154
0 0.5673076923076923 0.6021634615384616 0.038461538461538464 0.11298076923076923
0 0.6694711538461539 0.5516826923076923 0.025240384615384616 0.05048076923076923
0 0.7379807692307693 0.5432692307692307 0.030048076923076924 0.046875
0 0.8269230769230769 0.5745192307692307 0.025240384615384616 0.10576923076923077
0 0.8990384615384616 0.5564903846153846 0.027644230769230768 0.11538461538461539
0 0.9543269230769231 0.5588942307692307 0.03365384615384615 0.08653846153846154