0 0.04326923076923077 0.8533653846153846 0.0829326923076923 0.29086538461538464
0 0.11057692307692307 0.8786057692307693 0.056490384615384616 0.23918269230769232
0 0.16105769230769232 0.8725961538461539 0.11298076923076923 0.25240384615384615
0 0.24879807692307693 0.8990384615384616 0.07692307692307693 0.19831730769230768
0 0.3125 0.921875 0.0673076923076923 0.15504807692307693
0 0.3076923076923077 0.8317307692307693 0.051682692307692304 0.18509615384615385
0 0.3233173076923077 0.7956730769230769 0.04326923076923077 0.1310096153846154
0 0.35216346153846156 0.8810096153846154 0.04447115384615385 0.23197115384615385
0 0.390625 0.8389423076923077 0.040865384615384616 0.21394230769230768
0 0.41466346153846156 0.8737980769230769 0.05889423076923077 0.25
0 0.4951923076923077 0.875 0.04927884615384615 0.24519230769230768
0 0.6850961538461539 0.8389423076923077 0.030048076923076924 0.15264423076923078
0 0.7764423076923077 0.8197115384615384 0.037259615384615384 0.203125
0 0.8497596153846154 0.765625 0.02403846153846154 0.07211538461538461
0 0.8918269230769231 0.8317307692307693 0.03365384615384615 0.18509615384615385
0 0.9699519230769231 0.8629807692307693 0.05889423076923077 0.26802884615384615