0 0.9242788461538461 0.5697115384615384 0.0889423076923077 0.5012019230769231
0 0.4182692307692308 0.5576923076923077 0.8365384615384616 0.10817307692307693
0 0.07451923076923077 0.5108173076923077 0.06971153846153846 0.23076923076923078
0 0.15504807692307693 0.5144230769230769 0.06009615384615385 0.2824519230769231
0 0.24879807692307693 0.5120192307692307 0.09375 0.3557692307692308
0 0.375 0.5216346153846154 0.08653846153846154 0.42788461538461536
0 0.4098557692307692 0.5168269230769231 0.038461538461538464 0.14182692307692307
0 0.5108173076923077 0.5240384615384616 0.04807692307692308 0.2860576923076923
0 0.6430288461538461 0.5408653846153846 0.07211538461538461 0.34375
0 0.6790865384615384 0.5384615384615384 0.06610576923076923 0.2932692307692308
0 0.8317307692307693 0.53125 0.04807692307692308 0.25240384615384615
0 0.890625 0.4375 0.027644230769230768 0.09134615384615384
0 0.9519230769230769 0.5204326923076923 0.016826923076923076 0.13581730769230768
0 0.9735576923076923 0.53125 0.05048076923076923 0.2548076923076923