0 0.0733173076923077 0.2776442307692308 0.054086538461538464 0.1310096153846154
0 0.12139423076923077 0.25600961538461536 0.056490384615384616 0.11538461538461539
0 0.3137019230769231 0.1935096153846154 0.03485576923076923 0.09375
0 0.33774038461538464 0.19591346153846154 0.056490384615384616 0.1346153846153846
0 0.4254807692307692 0.1466346153846154 0.03365384615384615 0.054086538461538464
0 0.5420673076923077 0.15264423076923078 0.03485576923076923 0.04567307692307692
0 0.5649038461538461 0.17067307692307693 0.054086538461538464 0.08173076923076923
0 0.6225961538461539 0.15264423076923078 0.04326923076923077 0.04567307692307692
0 0.6574519230769231 0.14783653846153846 0.04807692307692308 0.07932692307692307
0 0.8497596153846154 0.14182692307692307 0.038461538461538464 0.042067307692307696
0 0.9591346153846154 0.20552884615384615 0.06490384615384616 0.19831730769230768