0 0.056490384615384616 0.21754807692307693 0.06370192307692307 0.14903846153846154
0 0.07692307692307693 0.22596153846153846 0.03245192307692308 0.10697115384615384
0 0.13822115384615385 0.22596153846153846 0.03485576923076923 0.11298076923076923
0 0.15504807692307693 0.21634615384615385 0.018028846153846152 0.051682692307692304
0 0.1658653846153846 0.2127403846153846 0.018028846153846152 0.05889423076923077
0 0.1935096153846154 0.21995192307692307 0.015625 0.0625
0 0.25240384615384615 0.25240384615384615 0.020432692307692308 0.02403846153846154
0 0.27283653846153844 0.25240384615384615 0.014423076923076924 0.02403846153846154
0 0.30288461538461536 0.2403846153846154 0.014423076923076924 0.05048076923076923
0 0.31490384615384615 0.21514423076923078 0.019230769230769232 0.10336538461538461
0 0.3317307692307692 0.21754807692307693 0.018028846153846152 0.0829326923076923
0 0.3485576923076923 0.22596153846153846 0.026442307692307692 0.06971153846153846
0 0.3737980769230769 0.21514423076923078 0.02403846153846154 0.08533653846153846
0 0.47596153846153844 0.18990384615384615 0.009615384615384616 0.03125
0 0.4963942307692308 0.19951923076923078 0.01201923076923077 0.009615384615384616
0 0.6153846153846154 0.1814903846153846 0.010817307692307692 0.01201923076923077
0 0.6298076923076923 0.18028846153846154 0.013221153846153846 0.015625
0 0.6862980769230769 0.1814903846153846 0.010817307692307692 0.014423076923076924
0 0.7019230769230769 0.18028846153846154 0.008413461538461538 0.015625
0 0.7512019230769231 0.1658653846153846 0.009615384615384616 0.025240384615384616
0 0.8317307692307693 0.17427884615384615 0.009615384615384616 0.018028846153846152
0 0.8713942307692307 0.20673076923076922 0.036057692307692304 0.11778846153846154
0 0.8653846153846154 0.17668269230769232 0.007211538461538462 0.01201923076923077
0 0.8942307692307693 0.16826923076923078 0.007211538461538462 0.015625
0 0.9002403846153846 0.16826923076923078 0.008413461538461538 0.014423076923076924
0 0.9182692307692307 0.1778846153846154 0.025240384615384616 0.07211538461538461