0 0.20793269230769232 0.5709134615384616 0.1310096153846154 0.3088942307692308
0 0.1141826923076923 0.1658653846153846 0.03365384615384615 0.08052884615384616
0 0.2860576923076923 0.6682692307692307 0.24278846153846154 0.3233173076923077
0 0.2091346153846154 0.20432692307692307 0.04447115384615385 0.13221153846153846
0 0.25600961538461536 0.20673076923076922 0.037259615384615384 0.13942307692307693
0 0.3016826923076923 0.17548076923076922 0.04447115384615385 0.12139423076923077
0 0.5036057692307693 0.6658653846153846 0.37740384615384615 0.5444711538461539
0 0.33774038461538464 0.13942307692307693 0.028846153846153848 0.055288461538461536
0 0.43509615384615385 0.7067307692307693 0.20072115384615385 0.28125
0 0.36658653846153844 0.4831730769230769 0.06009615384615385 0.09975961538461539
0 0.43509615384615385 0.2860576923076923 0.1502403846153846 0.36899038461538464
0 0.5588942307692307 0.2668269230769231 0.09134615384615384 0.3329326923076923
0 0.640625 0.3485576923076923 0.1622596153846154 0.5144230769230769