0 0.3161057692307692 0.34134615384615385 0.19951923076923078 0.4362980769230769
0 0.014423076923076924 0.0985576923076923 0.028846153846153848 0.19591346153846154
0 0.16346153846153846 0.49278846153846156 0.32572115384615385 0.7475961538461539
0 0.12139423076923077 0.23197115384615385 0.12740384615384615 0.4639423076923077
0 0.3016826923076923 0.14182692307692307 0.12740384615384615 0.28365384615384615
0 0.3798076923076923 0.12259615384615384 0.07091346153846154 0.24519230769230768
0 0.5060096153846154 0.1875 0.11778846153846154 0.375
0 0.4855769230769231 0.1045673076923077 0.040865384615384616 0.2091346153846154
0 0.5925480769230769 0.3137019230769231 0.15504807692307693 0.19831730769230768
0 0.7800480769230769 0.29086538461538464 0.22115384615384615 0.3605769230769231
0 0.8016826923076923 0.09495192307692307 0.07932692307692307 0.18990384615384615
0 0.8737980769230769 0.19471153846153846 0.07091346153846154 0.38822115384615385