0 0.8557692307692307 0.47836538461538464 0.10697115384615384 0.2932692307692308
0 0.054086538461538464 0.45913461538461536 0.10817307692307693 0.4182692307692308
0 0.171875 0.4579326923076923 0.11538461538461539 0.30528846153846156
0 0.22235576923076922 0.4699519230769231 0.14182692307692307 0.6177884615384616
0 0.23317307692307693 0.4831730769230769 0.11538461538461539 0.3401442307692308
0 0.34615384615384615 0.5108173076923077 0.18990384615384615 0.46875
0 0.30288461538461536 0.4098557692307692 0.04927884615384615 0.24278846153846154
0 0.5444711538461539 0.6033653846153846 0.18028846153846154 0.5480769230769231
0 0.49399038461538464 0.4387019230769231 0.05048076923076923 0.18389423076923078
0 0.6322115384615384 0.22115384615384615 0.027644230769230768 0.11538461538461539
0 0.6778846153846154 0.4519230769230769 0.054086538461538464 0.22596153846153846
0 0.8100961538461539 0.44711538461538464 0.0673076923076923 0.2644230769230769
0 0.9146634615384616 0.44471153846153844 0.055288461538461536 0.19230769230769232
0 0.9362980769230769 0.3870192307692308 0.028846153846153848 0.08413461538461539
0 0.9879807692307693 0.39663461538461536 0.021634615384615384 0.11057692307692307