0 0.10336538461538461 0.546875 0.07932692307692307 0.5564903846153846
0 0.22716346153846154 0.5817307692307693 0.04927884615384615 0.5012019230769231
0 0.296875 0.5444711538461539 0.06129807692307692 0.5709134615384616
0 0.43990384615384615 0.5324519230769231 0.0733173076923077 0.5769230769230769
0 0.5528846153846154 0.5360576923076923 0.06490384615384616 0.5925480769230769
0 0.6538461538461539 0.49038461538461536 0.09254807692307693 0.8449519230769231
0 0.7223557692307693 0.5048076923076923 0.0733173076923077 0.7199519230769231
0 0.7980769230769231 0.5444711538461539 0.054086538461538464 0.4891826923076923
0 0.8365384615384616 0.484375 0.06610576923076923 0.5048076923076923
0 0.9182692307692307 0.7692307692307693 0.1622596153846154 0.45913461538461536
0 0.8509615384615384 0.546875 0.018028846153846152 0.3798076923076923
0 0.8665865384615384 0.5685096153846154 0.019230769230769232 0.3317307692307692