0 0.11177884615384616 0.3581730769230769 0.1201923076923077 0.20432692307692307
0 0.04326923076923077 0.5240384615384616 0.08653846153846154 0.23918269230769232
0 0.18269230769230768 0.8112980769230769 0.3076923076923077 0.37259615384615385
0 0.1814903846153846 0.6670673076923077 0.27403846153846156 0.3161057692307692
0 0.31490384615384615 0.5745192307692307 0.21754807692307693 0.35336538461538464
0 0.26802884615384615 0.34975961538461536 0.1201923076923077 0.18629807692307693
0 0.2920673076923077 0.49759615384615385 0.16346153846153846 0.2608173076923077
0 0.5240384615384616 0.7956730769230769 0.3401442307692308 0.40625
0 0.44591346153846156 0.36177884615384615 0.15264423076923078 0.171875
0 0.5348557692307693 0.6983173076923077 0.29447115384615385 0.39663461538461536
0 0.5504807692307693 0.5180288461538461 0.18990384615384615 0.2668269230769231
0 0.6105769230769231 0.3545673076923077 0.11298076923076923 0.15264423076923078
0 0.7632211538461539 0.5300480769230769 0.1310096153846154 0.24759615384615385
0 0.765625 0.36177884615384615 0.11899038461538461 0.18509615384615385
0 0.828125 0.5576923076923077 0.15144230769230768 0.2800480769230769
0 0.8942307692307693 0.6610576923076923 0.20673076923076922 0.3449519230769231
0 0.9038461538461539 0.37740384615384615 0.1346153846153846 0.19831730769230768
0 0.9314903846153846 0.7920673076923077 0.1346153846153846 0.41466346153846156