0 0.17067307692307693 0.5745192307692307 0.056490384615384616 0.234375
0 0.19591346153846154 0.6105769230769231 0.0829326923076923 0.22115384615384615
0 0.2620192307692308 0.5733173076923077 0.06490384615384616 0.25
0 0.2920673076923077 0.5264423076923077 0.03365384615384615 0.21754807692307693
0 0.43509615384615385 0.5793269230769231 0.1045673076923077 0.2800480769230769
0 0.48197115384615385 0.5661057692307693 0.06971153846153846 0.2668269230769231
0 0.5721153846153846 0.5552884615384616 0.056490384615384616 0.25961538461538464
0 0.6442307692307693 0.5528846153846154 0.056490384615384616 0.24879807692307693
0 0.7103365384615384 0.5528846153846154 0.04927884615384615 0.22716346153846154
0 0.7560096153846154 0.546875 0.039663461538461536 0.21634615384615385
0 0.7944711538461539 0.5324519230769231 0.038461538461538464 0.23076923076923078