0 0.016826923076923076 0.3954326923076923 0.03365384615384615 0.21875
0 0.09254807692307693 0.6334134615384616 0.1346153846153846 0.7319711538461539
0 0.06490384615384616 0.36778846153846156 0.04807692307692308 0.140625
0 0.2548076923076923 0.5096153846153846 0.21634615384615385 0.6935096153846154
0 0.31490384615384615 0.31490384615384615 0.030048076923076924 0.06610576923076923
0 0.41225961538461536 0.5288461538461539 0.16947115384615385 0.6430288461538461
0 0.43509615384615385 0.2932692307692308 0.037259615384615384 0.0733173076923077
0 0.46875 0.2800480769230769 0.056490384615384616 0.09975961538461539
0 0.49759615384615385 0.421875 0.10096153846153846 0.3701923076923077
0 0.7403846153846154 0.7103365384615384 0.4423076923076923 0.5745192307692307
0 0.6009615384615384 0.31850961538461536 0.038461538461538464 0.09375
0 0.78125 0.4519230769230769 0.3016826923076923 0.453125