0 0.7115384615384616 0.5925480769230769 0.15865384615384615 0.8125
0 0.009615384615384616 0.39302884615384615 0.019230769230769232 0.038461538461538464
0 0.042067307692307696 0.5492788461538461 0.0829326923076923 0.39783653846153844
0 0.08533653846153846 0.36778846153846156 0.16947115384615385 0.15625
0 0.20432692307692307 0.25 0.40865384615384615 0.17307692307692307
0 0.15625 0.4951923076923077 0.028846153846153848 0.030048076923076924
0 0.21634615384615385 0.5108173076923077 0.08774038461538461 0.33533653846153844
0 0.296875 0.5997596153846154 0.21153846153846154 0.7055288461538461
0 0.27884615384615385 0.41346153846153844 0.04807692307692308 0.1814903846153846
0 0.44711538461538464 0.45913461538461536 0.08774038461538461 0.41947115384615385
0 0.5276442307692307 0.4699519230769231 0.13701923076923078 0.40024038461538464
0 0.7632211538461539 0.2980769230769231 0.46875 0.15865384615384615
0 0.7115384615384616 0.7199519230769231 0.13942307692307693 0.20793269230769232
0 0.6586538461538461 0.4254807692307692 0.013221153846153846 0.04447115384615385
0 0.7980769230769231 0.5985576923076923 0.07692307692307693 0.4519230769230769
0 0.8125 0.36899038461538464 0.03125 0.07572115384615384
0 0.8990384615384616 0.5661057692307693 0.1971153846153846 0.31971153846153844
0 0.9314903846153846 0.5817307692307693 0.09615384615384616 0.3076923076923077