0 0.18269230769230768 0.5600961538461539 0.125 0.39302884615384615
0 0.23557692307692307 0.5228365384615384 0.07932692307692307 0.34375
0 0.3088942307692308 0.5817307692307693 0.11899038461538461 0.4266826923076923
0 0.47475961538461536 0.5096153846153846 0.36778846153846156 0.7391826923076923
0 0.38221153846153844 0.4182692307692308 0.055288461538461536 0.0673076923076923
0 0.4170673076923077 0.4182692307692308 0.030048076923076924 0.03485576923076923
0 0.5348557692307693 0.46875 0.028846153846153848 0.0985576923076923
0 0.5576923076923077 0.46274038461538464 0.03245192307692308 0.08774038461538461
0 0.6213942307692307 0.5973557692307693 0.14423076923076922 0.31490384615384615
0 0.6021634615384616 0.4807692307692308 0.03485576923076923 0.10817307692307693
0 0.6514423076923077 0.5913461538461539 0.109375 0.27884615384615385
0 0.7307692307692307 0.6298076923076923 0.15985576923076922 0.5336538461538461
0 0.6802884615384616 0.5564903846153846 0.04807692307692308 0.12860576923076922
0 0.7055288461538461 0.44591346153846156 0.04326923076923077 0.1045673076923077
0 0.8449519230769231 0.5817307692307693 0.1045673076923077 0.2439903846153846
0 0.9086538461538461 0.5805288461538461 0.078125 0.25
0 0.9194711538461539 0.5336538461538461 0.06009615384615385 0.29086538461538464
0 0.9783653846153846 0.546875 0.042067307692307696 0.3233173076923077