0 0.5216346153846154 0.5564903846153846 0.06610576923076923 0.16826923076923078
0 0.020432692307692308 0.6274038461538461 0.040865384615384616 0.0889423076923077
0 0.0829326923076923 0.5973557692307693 0.056490384615384616 0.12980769230769232
0 0.15504807692307693 0.5829326923076923 0.05048076923076923 0.125
0 0.36899038461538464 0.5733173076923077 0.0985576923076923 0.19471153846153846
0 0.43990384615384615 0.5973557692307693 0.0625 0.08533653846153846
0 0.6225961538461539 0.5661057692307693 0.055288461538461536 0.17668269230769232
0 0.7247596153846154 0.5709134615384616 0.04567307692307692 0.1658653846153846
0 0.8221153846153846 0.5168269230769231 0.0673076923076923 0.04326923076923077
0 0.8641826923076923 0.5372596153846154 0.038461538461538464 0.09134615384615384
0 0.9170673076923077 0.5637019230769231 0.055288461538461536 0.17067307692307693
0 0.9795673076923077 0.5637019230769231 0.038461538461538464 0.17548076923076922