0 0.06009615384615385 0.7608173076923077 0.03485576923076923 0.08413461538461539
0 0.06490384615384616 0.6574519230769231 0.039663461538461536 0.11778846153846154
0 0.0985576923076923 0.6490384615384616 0.04326923076923077 0.10216346153846154
0 0.09254807692307693 0.7331730769230769 0.021634615384615384 0.09735576923076923
0 0.11177884615384616 0.8221153846153846 0.020432692307692308 0.12860576923076922
0 0.14423076923076922 0.75 0.028846153846153848 0.08052884615384616
0 0.14903846153846154 0.6502403846153846 0.037259615384615384 0.0889423076923077
0 0.14302884615384615 0.8197115384615384 0.016826923076923076 0.11658653846153846
0 0.25961538461538464 0.8605769230769231 0.030048076923076924 0.078125
0 0.265625 0.8161057692307693 0.03245192307692308 0.09975961538461539
0 0.2668269230769231 0.6418269230769231 0.030048076923076924 0.10336538461538461
0 0.2800480769230769 0.734375 0.028846153846153848 0.10336538461538461
0 0.2980769230769231 0.9014423076923077 0.018028846153846152 0.12740384615384615
0 0.30528846153846156 0.7668269230769231 0.03245192307692308 0.11899038461538461
0 0.3112980769230769 0.6502403846153846 0.028846153846153848 0.1201923076923077
0 0.453125 0.7019230769230769 0.2620192307692308 0.31971153846153844
0 0.3425480769230769 0.6117788461538461 0.020432692307692308 0.09615384615384616
0 0.35096153846153844 0.8653846153846154 0.03245192307692308 0.13341346153846154
0 0.3557692307692308 0.6045673076923077 0.018028846153846152 0.10336538461538461
0 0.37740384615384615 0.8918269230769231 0.013221153846153846 0.12980769230769232
0 0.4326923076923077 0.8894230769230769 0.037259615384615384 0.13581730769230768
0 0.49759615384615385 0.8581730769230769 0.037259615384615384 0.14423076923076922
0 0.515625 0.9170673076923077 0.04326923076923077 0.11778846153846154
0 0.5480769230769231 0.9050480769230769 0.030048076923076924 0.12740384615384615
0 0.5673076923076923 0.9002403846153846 0.025240384615384616 0.14423076923076922
0 0.5949519230769231 0.875 0.020432692307692308 0.14783653846153846
0 0.6033653846153846 0.6730769230769231 0.037259615384615384 0.1045673076923077
0 0.6177884615384616 0.6658653846153846 0.027644230769230768 0.12259615384615384
0 0.640625 0.7415865384615384 0.025240384615384616 0.12980769230769232
0 0.6598557692307693 0.8942307692307693 0.025240384615384616 0.14543269230769232
0 0.6586538461538461 0.7235576923076923 0.018028846153846152 0.08653846153846154
0 0.6778846153846154 0.7415865384615384 0.019230769230769232 0.1045673076923077
0 0.75 0.6983173076923077 0.11778846153846154 0.1875
0 0.7151442307692307 0.8822115384615384 0.028846153846153848 0.11298076923076923
0 0.7379807692307693 0.8533653846153846 0.030048076923076924 0.0829326923076923
0 0.7451923076923077 0.9050480769230769 0.025240384615384616 0.09134615384615384
0 0.7752403846153846 0.8762019230769231 0.02403846153846154 0.13942307692307693
0 0.8125 0.7632211538461539 0.03365384615384615 0.0829326923076923
0 0.8461538461538461 0.8557692307692307 0.027644230769230768 0.1346153846153846
0 0.8786057692307693 0.8701923076923077 0.025240384615384616 0.13581730769230768
0 0.8882211538461539 0.7800480769230769 0.018028846153846152 0.09735576923076923
0 0.9026442307692307 0.7043269230769231 0.025240384615384616 0.08653846153846154
0 0.9122596153846154 0.8137019230769231 0.019230769230769232 0.1310096153846154
0 0.9423076923076923 0.7932692307692307 0.030048076923076924 0.12860576923076922