0 0.7932692307692307 0.8401442307692307 0.08774038461538461 0.3016826923076923
0 0.12620192307692307 0.8641826923076923 0.06490384615384616 0.12259615384615384
0 0.17668269230769232 0.8305288461538461 0.06850961538461539 0.06009615384615385
0 0.31009615384615385 0.8064903846153846 0.06009615384615385 0.09254807692307693
0 0.35096153846153844 0.7848557692307693 0.03125 0.07451923076923077
0 0.38221153846153844 0.8028846153846154 0.028846153846153848 0.046875
0 0.40024038461538464 0.7944711538461539 0.028846153846153848 0.06971153846153846
0 0.4639423076923077 0.7776442307692307 0.04927884615384615 0.109375
0 0.5336538461538461 0.9026442307692307 0.15985576923076922 0.19230769230769232
0 0.5132211538461539 0.7644230769230769 0.04447115384615385 0.1141826923076923
0 0.6322115384615384 0.8485576923076923 0.12259615384615384 0.29927884615384615
0 0.7091346153846154 0.8521634615384616 0.09134615384615384 0.29086538461538464
0 0.7235576923076923 0.7307692307692307 0.02403846153846154 0.04447115384615385
0 0.8533653846153846 0.8641826923076923 0.11538461538461539 0.26802884615384615
0 0.9134615384615384 0.8942307692307693 0.16947115384615385 0.20793269230769232
0 0.9350961538461539 0.7548076923076923 0.03125 0.07932692307692307
0 0.9555288461538461 0.7536057692307693 0.03485576923076923 0.0625
0 0.9795673076923077 0.7944711538461539 0.038461538461538464 0.1045673076923077
0 0.9891826923076923 0.7319711538461539 0.018028846153846152 0.0625