0 0.6838942307692307 0.4963942307692308 0.35216346153846156 0.9927884615384616
0 0.042067307692307696 0.3894230769230769 0.08413461538461539 0.2620192307692308
0 0.055288461538461536 0.7512019230769231 0.11057692307692307 0.4951923076923077
0 0.0673076923076923 0.40865384615384615 0.07692307692307693 0.31971153846153844
0 0.16105769230769232 0.4879807692307692 0.10817307692307693 0.26322115384615385
0 0.15144230769230768 0.3389423076923077 0.042067307692307696 0.05889423076923077
0 0.23076923076923078 0.4182692307692308 0.04927884615384615 0.2548076923076923
0 0.3161057692307692 0.4987980769230769 0.17668269230769232 0.2764423076923077
0 0.31850961538461536 0.34615384615384615 0.05889423076923077 0.09014423076923077
0 0.49759615384615385 0.43990384615384615 0.08533653846153846 0.4519230769230769
0 0.5793269230769231 0.484375 0.052884615384615384 0.30649038461538464
0 0.6153846153846154 0.4639423076923077 0.06129807692307692 0.2956730769230769