0 0.6778846153846154 0.6262019230769231 0.04567307692307692 0.19591346153846154
0 0.028846153846153848 0.48197115384615385 0.03485576923076923 0.140625
0 0.13701923076923078 0.5192307692307693 0.06971153846153846 0.2848557692307692
0 0.19471153846153846 0.5444711538461539 0.06129807692307692 0.2764423076923077
0 0.25961538461538464 0.5637019230769231 0.056490384615384616 0.28846153846153844
0 0.3076923076923077 0.5504807692307693 0.037259615384615384 0.2776442307692308
0 0.31490384615384615 0.7608173076923077 0.019230769230769232 0.06610576923076923
0 0.3329326923076923 0.578125 0.04326923076923077 0.2692307692307692
0 0.4639423076923077 0.7055288461538461 0.06610576923076923 0.17067307692307693
0 0.46033653846153844 0.5012019230769231 0.04927884615384615 0.24879807692307693
0 0.4879807692307692 0.5769230769230769 0.057692307692307696 0.24519230769230768
0 0.4807692307692308 0.28365384615384615 0.028846153846153848 0.0733173076923077
0 0.4951923076923077 0.3449519230769231 0.04447115384615385 0.07932692307692307
0 0.49759615384615385 0.43028846153846156 0.04447115384615385 0.11778846153846154
0 0.515625 0.65625 0.020432692307692308 0.078125
0 0.5348557692307693 0.39663461538461536 0.03365384615384615 0.18028846153846154
0 0.5528846153846154 0.4795673076923077 0.038461538461538464 0.21514423076923078
0 0.5805288461538461 0.41947115384615385 0.04326923076923077 0.24278846153846154
0 0.6466346153846154 0.9266826923076923 0.055288461538461536 0.14423076923076922
0 0.8834134615384616 0.5144230769230769 0.039663461538461536 0.23557692307692307
0 0.9759615384615384 0.9206730769230769 0.04567307692307692 0.15625
0 0.9879807692307693 0.5564903846153846 0.019230769230769232 0.23317307692307693