0 0.5 0.5012019230769231 0.9987980769230769 0.6682692307692307
0 0.5192307692307693 0.24759615384615385 0.026442307692307692 0.08774038461538461
0 0.6237980769230769 0.21153846153846154 0.040865384615384616 0.08774038461538461
0 0.6959134615384616 0.19230769230769232 0.016826923076923076 0.06129807692307692
0 0.7139423076923077 0.1814903846153846 0.026442307692307692 0.06129807692307692
0 0.7512019230769231 0.17427884615384615 0.02403846153846154 0.06129807692307692
0 0.7932692307692307 0.7920673076923077 0.04927884615384615 0.11899038461538461
0 0.8173076923076923 0.8305288461538461 0.039663461538461536 0.08533653846153846
0 0.9158653846153846 0.9014423076923077 0.055288461538461536 0.1935096153846154
0 0.921875 0.15504807692307693 0.026442307692307692 0.09375
0 0.9591346153846154 0.14903846153846154 0.028846153846153848 0.12139423076923077
0 0.9951923076923077 0.12379807692307693 0.007211538461538462 0.09735576923076923