0 0.4014423076923077 0.5492788461538461 0.14903846153846154 0.7980769230769231
0 0.052884615384615384 0.4987980769230769 0.10576923076923077 0.6370192307692307
0 0.042067307692307696 0.21995192307692307 0.04927884615384615 0.18629807692307693
0 0.16346153846153846 0.4795673076923077 0.11538461538461539 0.5985576923076923
0 0.22235576923076922 0.30649038461538464 0.04447115384615385 0.3004807692307692
0 0.28725961538461536 0.47596153846153844 0.13221153846153846 0.5709134615384616
0 0.25721153846153844 0.24639423076923078 0.0625 0.16105769230769232
0 0.34375 0.484375 0.07572115384615384 0.5492788461538461
0 0.5564903846153846 0.5216346153846154 0.15625 0.7764423076923077
0 0.6826923076923077 0.5204326923076923 0.09375 0.7355769230769231
0 0.78125 0.2608173076923077 0.18028846153846154 0.2127403846153846
0 0.7536057692307693 0.5180288461538461 0.10336538461538461 0.6622596153846154
0 0.8112980769230769 0.39302884615384615 0.04447115384615385 0.15625
0 0.8521634615384616 0.3786057692307692 0.04326923076923077 0.24278846153846154
0 0.9314903846153846 0.40865384615384615 0.0733173076923077 0.17548076923076922
0 0.9831730769230769 0.41586538461538464 0.03125 0.15264423076923078