0 0.7367788461538461 0.5432692307692307 0.08413461538461539 0.34134615384615385
0 0.09615384615384616 0.5745192307692307 0.19110576923076922 0.40384615384615385
0 0.12259615384615384 0.5228365384615384 0.10336538461538461 0.22596153846153846
0 0.140625 0.4735576923076923 0.07572115384615384 0.29086538461538464
0 0.24158653846153846 0.5637019230769231 0.14302884615384615 0.6418269230769231
0 0.29927884615384615 0.5853365384615384 0.07211538461538461 0.18629807692307693
0 0.40384615384615385 0.5637019230769231 0.04927884615384615 0.0889423076923077
0 0.4963942307692308 0.6430288461538461 0.20552884615384615 0.42427884615384615
0 0.45072115384615385 0.4879807692307692 0.052884615384615384 0.09615384615384616
0 0.6165865384615384 0.5444711538461539 0.09134615384615384 0.47475961538461536
0 0.8485576923076923 0.5733173076923077 0.07692307692307693 0.18269230769230768
0 0.9206730769230769 0.5757211538461539 0.04927884615384615 0.055288461538461536
0 0.9783653846153846 0.5745192307692307 0.040865384615384616 0.0673076923076923