0 0.18269230769230768 0.4074519230769231 0.014423076923076924 0.016826923076923076
0 0.20673076923076922 0.4050480769230769 0.01201923076923077 0.01201923076923077
0 0.3401442307692308 0.49278846153846156 0.08173076923076923 0.11778846153846154
0 0.3557692307692308 0.4891826923076923 0.09735576923076923 0.09615384615384616
0 0.5072115384615384 0.43990384615384615 0.057692307692307696 0.055288461538461536
0 0.6850961538461539 0.5048076923076923 0.21634615384615385 0.1310096153846154
0 0.6177884615384616 0.41346153846153844 0.015625 0.02283653846153846
0 0.6502403846153846 0.44711538461538464 0.055288461538461536 0.04567307692307692
0 0.640625 0.4338942307692308 0.026442307692307692 0.028846153846153848
0 0.6322115384615384 0.4110576923076923 0.007211538461538462 0.018028846153846152
0 0.6935096153846154 0.4879807692307692 0.11899038461538461 0.09254807692307693
0 0.7055288461538461 0.484375 0.12980769230769232 0.09375
0 0.6706730769230769 0.44711538461538464 0.055288461538461536 0.04927884615384615
0 0.6574519230769231 0.4110576923076923 0.013221153846153846 0.019230769230769232
0 0.7055288461538461 0.41346153846153844 0.01201923076923077 0.014423076923076924
0 0.7860576923076923 0.43990384615384615 0.036057692307692304 0.0889423076923077