0 0.14423076923076922 0.5949519230769231 0.1875 0.06009615384615385
0 0.29927884615384615 0.5853365384615384 0.109375 0.07572115384615384
0 0.46153846153846156 0.36899038461538464 0.057692307692307696 0.07692307692307693
0 0.6382211538461539 0.040865384615384616 0.05048076923076923 0.06610576923076923
0 0.7055288461538461 0.6021634615384616 0.11658653846153846 0.06490384615384616
0 0.7283653846153846 0.07451923076923077 0.06129807692307692 0.07692307692307693
0 0.7536057692307693 0.35697115384615385 0.05048076923076923 0.09134615384615384
0 0.7560096153846154 0.0673076923076923 0.04567307692307692 0.06610576923076923
0 0.7524038461538461 0.037259615384615384 0.019230769230769232 0.025240384615384616
0 0.7848557692307693 0.27283653846153844 0.057692307692307696 0.08653846153846154
0 0.7932692307692307 0.375 0.07451923076923077 0.08173076923076923
0 0.8016826923076923 0.04807692307692308 0.036057692307692304 0.06129807692307692
0 0.8557692307692307 0.04326923076923077 0.04927884615384615 0.05889423076923077
0 0.8557692307692307 0.12860576923076922 0.04927884615384615 0.078125
0 0.9002403846153846 0.03125 0.039663461538461536 0.06129807692307692
0 0.953125 0.042067307692307696 0.036057692307692304 0.06610576923076923
0 0.9807692307692307 0.055288461538461536 0.036057692307692304 0.06850961538461539