0 0.4074519230769231 0.4639423076923077 0.04927884615384615 0.18028846153846154
0 0.18509615384615385 0.06370192307692307 0.09375 0.12620192307692307
0 0.25721153846153844 0.0673076923076923 0.07211538461538461 0.13341346153846154
0 0.38822115384615385 0.078125 0.052884615384615384 0.14903846153846154
0 0.4639423076923077 0.17307692307692307 0.06610576923076923 0.20192307692307693
0 0.5264423076923077 0.18629807692307693 0.056490384615384616 0.30528846153846156
0 0.5516826923076923 0.4723557692307692 0.08173076923076923 0.1875
0 0.5372596153846154 0.17307692307692307 0.03365384615384615 0.21514423076923078
0 0.5829326923076923 0.16346153846153846 0.08173076923076923 0.20793269230769232
0 0.6382211538461539 0.16105769230769232 0.04447115384615385 0.08173076923076923
0 0.6526442307692307 0.24519230769230768 0.054086538461538464 0.1875
0 0.6923076923076923 0.4807692307692308 0.07932692307692307 0.15625