0 0.46153846153846156 0.375 0.08052884615384616 0.2932692307692308
0 0.07692307692307693 0.3557692307692308 0.15264423076923078 0.21394230769230768
0 0.3161057692307692 0.53125 0.6322115384615384 0.6814903846153846
0 0.14302884615384615 0.5552884615384616 0.2800480769230769 0.6153846153846154
0 0.04326923076923077 0.3581730769230769 0.06009615384615385 0.1778846153846154
0 0.10216346153846154 0.34615384615384615 0.057692307692307696 0.18990384615384615
0 0.2860576923076923 0.42788461538461536 0.10336538461538461 0.31850961538461536
0 0.34975961538461536 0.3125 0.09495192307692307 0.12740384615384615
0 0.3581730769230769 0.21995192307692307 0.04807692307692308 0.0829326923076923
0 0.41225961538461536 0.34134615384615385 0.056490384615384616 0.17908653846153846
0 0.7355769230769231 0.5649038461538461 0.5264423076923077 0.8509615384615384
0 0.5252403846153846 0.28365384615384615 0.06009615384615385 0.13942307692307693
0 0.6045673076923077 0.2536057692307692 0.04807692307692308 0.10336538461538461