0 0.4987980769230769 0.6418269230769231 0.21634615384615385 0.7139423076923077
0 0.015625 0.26322115384615385 0.025240384615384616 0.09975961538461539
0 0.020432692307692308 0.1658653846153846 0.013221153846153846 0.054086538461538464
0 0.037259615384615384 0.22115384615384615 0.016826923076923076 0.04927884615384615
0 0.055288461538461536 0.21634615384615385 0.016826923076923076 0.046875
0 0.1201923076923077 0.18389423076923078 0.019230769230769232 0.052884615384615384
0 0.12980769230769232 0.18870192307692307 0.008413461538461538 0.046875
0 0.2091346153846154 0.17668269230769232 0.09495192307692307 0.04927884615384615
0 0.21875 0.27403846153846156 0.03125 0.12139423076923077
0 0.28125 0.06129807692307692 0.007211538461538462 0.03365384615384615
0 0.30528846153846156 0.06009615384615385 0.008413461538461538 0.028846153846153848
0 0.43509615384615385 0.1622596153846154 0.01201923076923077 0.06129807692307692
0 0.4495192307692308 0.13942307692307693 0.015625 0.04927884615384615
0 0.46634615384615385 0.15504807692307693 0.021634615384615384 0.06850961538461539
0 0.5336538461538461 0.16947115384615385 0.02403846153846154 0.057692307692307696
0 0.5384615384615384 0.14783653846153846 0.009615384615384616 0.03125
0 0.6057692307692307 0.140625 0.01201923076923077 0.04567307692307692
0 0.6262019230769231 0.0673076923076923 0.010817307692307692 0.03245192307692308
0 0.8125 0.19591346153846154 0.3701923076923077 0.31971153846153844
0 0.6382211538461539 0.0673076923076923 0.007211538461538462 0.03245192307692308