0 0.6262019230769231 0.39302884615384615 0.026442307692307692 0.08653846153846154
0 0.7091346153846154 0.4795673076923077 0.008413461538461538 0.0625
0 0.7091346153846154 0.4338942307692308 0.001201923076923077 0.021634615384615384
0 0.7139423076923077 0.40625 0.004807692307692308 0.028846153846153848
0 0.7259615384615384 0.40865384615384615 0.006009615384615385 0.021634615384615384
0 0.7283653846153846 0.46875 0.008413461538461538 0.0829326923076923
0 0.7487980769230769 0.4543269230769231 0.004807692307692308 0.052884615384615384
0 0.7632211538461539 0.47836538461538464 0.006009615384615385 0.06610576923076923
0 0.7752403846153846 0.453125 0.004807692307692308 0.05048076923076923
0 0.7860576923076923 0.453125 0.003605769230769231 0.05048076923076923
0 0.7944711538461539 0.46033653846153844 0.007211538461538462 0.057692307692307696
0 0.8052884615384616 0.44591346153846156 0.007211538461538462 0.04807692307692308
0 0.8052884615384616 0.484375 0.003605769230769231 0.04447115384615385
0 0.8245192307692307 0.46153846153846156 0.008413461538461538 0.06971153846153846
0 0.8389423076923077 0.46634615384615385 0.013221153846153846 0.03485576923076923
0 0.8425480769230769 0.5552884615384616 0.02283653846153846 0.1346153846153846
0 0.8389423076923077 0.4375 0.007211538461538462 0.018028846153846152
0 0.9290865384615384 0.49278846153846156 0.13942307692307693 0.18629807692307693
0 0.8774038461538461 0.5420673076923077 0.019230769230769232 0.07932692307692307
0 0.9615384615384616 0.5745192307692307 0.03365384615384615 0.17067307692307693
0 0.9903846153846154 0.5552884615384616 0.018028846153846152 0.16826923076923078