0 0.09375 0.6225961538461539 0.04447115384615385 0.1622596153846154
0 0.16346153846153846 0.6069711538461539 0.02403846153846154 0.042067307692307696
0 0.2091346153846154 0.6358173076923077 0.04927884615384615 0.14423076923076922
0 0.36177884615384615 0.6021634615384616 0.013221153846153846 0.08413461538461539
0 0.390625 0.6021634615384616 0.021634615384615384 0.08413461538461539
0 0.5408653846153846 0.6694711538461539 0.08173076923076923 0.20432692307692307
0 0.5961538461538461 0.6454326923076923 0.046875 0.18629807692307693
0 0.6766826923076923 0.6177884615384616 0.04447115384615385 0.07572115384615384
0 0.6947115384615384 0.6237980769230769 0.04927884615384615 0.08653846153846154
0 0.8689903846153846 0.6346153846153846 0.037259615384615384 0.15865384615384615
0 0.9134615384615384 0.6382211538461539 0.036057692307692304 0.16105769230769232
0 0.9399038461538461 0.6442307692307693 0.06490384615384616 0.15144230769230768