0 0.5120192307692307 0.8641826923076923 0.11658653846153846 0.06009615384615385
0 0.5132211538461539 0.7932692307692307 0.11538461538461539 0.042067307692307696
0 0.49158653846153844 0.8185096153846154 0.06129807692307692 0.027644230769230768
0 0.5757211538461539 0.9507211538461539 0.203125 0.0829326923076923
0 0.5949519230769231 0.5649038461538461 0.23798076923076922 0.09375
0 0.6009615384615384 0.6766826923076923 0.2512019230769231 0.12139423076923077
0 0.6201923076923077 0.328125 0.27524038461538464 0.10216346153846154
0 0.6201923076923077 0.4230769230769231 0.27283653846153844 0.09975961538461539
0 0.5829326923076923 0.22235576923076922 0.19230769230769232 0.09615384615384616
0 0.5492788461538461 0.10576923076923077 0.11658653846153846 0.03365384615384615
0 0.5865384615384616 0.14423076923076922 0.18629807692307693 0.046875