0 0.2283653846153846 0.7451923076923077 0.06850961538461539 0.2956730769230769
0 0.27283653846153844 0.5697115384615384 0.052884615384615384 0.1622596153846154
0 0.32211538461538464 0.4651442307692308 0.037259615384615384 0.13822115384615385
0 0.36177884615384615 0.34615384615384615 0.014423076923076924 0.09254807692307693
0 0.3942307692307692 0.4230769230769231 0.036057692307692304 0.16105769230769232
0 0.43028846153846156 0.37259615384615385 0.03245192307692308 0.14182692307692307
0 0.4387019230769231 0.34615384615384615 0.014423076923076924 0.0985576923076923
0 0.4963942307692308 0.5889423076923077 0.052884615384615384 0.234375
0 0.4879807692307692 0.3870192307692308 0.019230769230769232 0.12139423076923077
0 0.5048076923076923 0.33052884615384615 0.019230769230769232 0.078125
0 0.5180288461538461 0.4326923076923077 0.02403846153846154 0.10096153846153846
0 0.5396634615384616 0.5048076923076923 0.026442307692307692 0.18389423076923078
0 0.6478365384615384 0.4098557692307692 0.030048076923076924 0.05889423076923077
0 0.6694711538461539 0.49038461538461536 0.04567307692307692 0.171875
0 0.7067307692307693 0.48677884615384615 0.036057692307692304 0.12139423076923077
0 0.7836538461538461 0.4651442307692308 0.03245192307692308 0.16105769230769232