0 0.53125 0.8449519230769231 0.19110576923076922 0.2932692307692308
0 0.07932692307692307 0.8401442307692307 0.15865384615384615 0.31490384615384615
0 0.18509615384615385 0.46033653846153844 0.36899038461538464 0.3425480769230769
0 0.29086538461538464 0.8449519230769231 0.27884615384615385 0.3076923076923077
0 0.4206730769230769 0.3389423076923077 0.03485576923076923 0.052884615384615384
0 0.45552884615384615 0.3473557692307692 0.030048076923076924 0.06490384615384616
0 0.49278846153846156 0.3389423076923077 0.03245192307692308 0.06610576923076923
0 0.5324519230769231 0.3389423076923077 0.038461538461538464 0.052884615384615384
0 0.5721153846153846 0.3473557692307692 0.028846153846153848 0.06490384615384616
0 0.6033653846153846 0.3485576923076923 0.036057692307692304 0.06009615384615385
0 0.6394230769230769 0.34975961538461536 0.03485576923076923 0.0733173076923077
0 0.6814903846153846 0.33533653846153844 0.04447115384615385 0.07572115384615384
0 0.8569711538461539 0.45913461538461536 0.28365384615384615 0.36899038461538464
0 0.9110576923076923 0.8413461538461539 0.17548076923076922 0.3137019230769231