0 0.020432692307692308 0.5 0.039663461538461536 0.10336538461538461
0 0.04927884615384615 0.6490384615384616 0.08413461538461539 0.36538461538461536
0 0.0673076923076923 0.5420673076923077 0.04326923076923077 0.24759615384615385
0 0.13221153846153846 0.6165865384615384 0.0625 0.2860576923076923
0 0.17668269230769232 0.5805288461538461 0.04447115384615385 0.26322115384615385
0 0.21514423076923078 0.609375 0.0985576923076923 0.31850961538461536
0 0.2920673076923077 0.5516826923076923 0.055288461538461536 0.20793269230769232
0 0.3473557692307692 0.5661057692307693 0.07091346153846154 0.22355769230769232
0 0.6370192307692307 0.5036057692307693 0.025240384615384616 0.10576923076923077
0 0.6610576923076923 0.5168269230769231 0.021634615384615384 0.1201923076923077
0 0.6802884615384616 0.5168269230769231 0.036057692307692304 0.10817307692307693
0 0.7199519230769231 0.5048076923076923 0.021634615384615384 0.0889423076923077
0 0.7644230769230769 0.5012019230769231 0.02283653846153846 0.078125