0 0.06129807692307692 0.8497596153846154 0.12259615384615384 0.29927884615384615
0 0.028846153846153848 0.6622596153846154 0.01201923076923077 0.03125
0 0.09495192307692307 0.8221153846153846 0.13221153846153846 0.24278846153846154
0 0.037259615384615384 0.6634615384615384 0.01201923076923077 0.036057692307692304
0 0.04567307692307692 0.6586538461538461 0.008413461538461538 0.040865384615384616
0 0.055288461538461536 0.6658653846153846 0.01201923076923077 0.03245192307692308
0 0.14903846153846154 0.7836538461538461 0.03365384615384615 0.11177884615384616
0 0.20673076923076922 0.8257211538461539 0.09134615384615384 0.34375
0 0.2439903846153846 0.8473557692307693 0.04447115384615385 0.2548076923076923
0 0.2439903846153846 0.7932692307692307 0.040865384615384616 0.24158653846153846
0 0.26802884615384615 0.8774038461538461 0.04927884615384615 0.2439903846153846
0 0.2620192307692308 0.7067307692307693 0.020432692307692308 0.051682692307692304
0 0.2800480769230769 0.7067307692307693 0.03365384615384615 0.07211538461538461
0 0.31009615384615385 0.8137019230769231 0.06971153846153846 0.3004807692307692
0 0.33052884615384615 0.7151442307692307 0.028846153846153848 0.10817307692307693
0 0.34375 0.7788461538461539 0.009615384615384616 0.09254807692307693
0 0.37259615384615385 0.7439903846153846 0.04567307692307692 0.171875
0 0.38221153846153844 0.65625 0.007211538461538462 0.03125
0 0.39903846153846156 0.796875 0.03485576923076923 0.17427884615384615
0 0.4014423076923077 0.84375 0.039663461538461536 0.16105769230769232
0 0.39302884615384615 0.6826923076923077 0.013221153846153846 0.04807692307692308
0 0.4050480769230769 0.6802884615384616 0.020432692307692308 0.055288461538461536
0 0.4074519230769231 0.6478365384615384 0.007211538461538462 0.019230769230769232
0 0.41586538461538464 0.6502403846153846 0.015625 0.021634615384615384
0 0.41947115384615385 0.71875 0.02403846153846154 0.09495192307692307
0 0.4230769230769231 0.8233173076923077 0.019230769230769232 0.13221153846153846
0 0.4230769230769231 0.6574519230769231 0.009615384615384616 0.040865384615384616
0 0.46875 0.7884615384615384 0.054086538461538464 0.2127403846153846
0 0.45913461538461536 0.6658653846153846 0.015625 0.054086538461538464
0 0.47716346153846156 0.6574519230769231 0.009615384615384616 0.051682692307692304
0 0.4879807692307692 0.6574519230769231 0.013221153846153846 0.051682692307692304