0 0.10817307692307693 0.4963942307692308 0.14302884615384615 0.06009615384615385
0 0.09014423076923077 0.6382211538461539 0.04927884615384615 0.12259615384615384
0 0.17908653846153846 0.6682692307692307 0.052884615384615384 0.13701923076923078
0 0.21514423076923078 0.9050480769230769 0.10576923076923077 0.17668269230769232
0 0.24639423076923078 0.6177884615384616 0.04447115384615385 0.10817307692307693
0 0.24278846153846154 0.4879807692307692 0.028846153846153848 0.1045673076923077
0 0.28846153846153844 0.4963942307692308 0.040865384615384616 0.0733173076923077
0 0.6370192307692307 0.7596153846153846 0.7079326923076923 0.47596153846153844
0 0.4735576923076923 0.32211538461538464 0.09615384615384616 0.04447115384615385
0 0.5552884615384616 0.29447115384615385 0.03245192307692308 0.054086538461538464
0 0.9002403846153846 0.8016826923076923 0.057692307692307696 0.12259615384615384
0 0.9050480769230769 0.15865384615384615 0.016826923076923076 0.1045673076923077
0 0.9170673076923077 0.18509615384615385 0.03245192307692308 0.04927884615384615
0 0.9591346153846154 0.2800480769230769 0.051682692307692304 0.1045673076923077