0 0.7199519230769231 0.5612980769230769 0.08533653846153846 0.09134615384615384
0 0.7139423076923077 0.5733173076923077 0.021634615384615384 0.0889423076923077
0 0.78125 0.5721153846153846 0.027644230769230768 0.08533653846153846
0 0.8004807692307693 0.5733173076923077 0.01201923076923077 0.042067307692307696
0 0.8088942307692307 0.5588942307692307 0.01201923076923077 0.027644230769230768
0 0.8377403846153846 0.5661057692307693 0.014423076923076924 0.0625
0 0.8918269230769231 0.5685096153846154 0.037259615384615384 0.08533653846153846
0 0.8798076923076923 0.5396634615384616 0.009615384615384616 0.02403846153846154
0 0.9182692307692307 0.5733173076923077 0.037259615384615384 0.11177884615384616
0 0.984375 0.5805288461538461 0.028846153846153848 0.1201923076923077
0 0.9819711538461539 0.5721153846153846 0.019230769230769232 0.09134615384615384