0 0.5096153846153846 0.5060096153846154 0.15504807692307693 0.33653846153846156
0 0.14302884615384615 0.3245192307692308 0.20072115384615385 0.09735576923076923
0 0.7788461538461539 0.3137019230769231 0.014423076923076924 0.02283653846153846
0 0.8052884615384616 0.31009615384615385 0.03365384615384615 0.055288461538461536
0 0.8401442307692307 0.32211538461538464 0.03485576923076923 0.04447115384615385
0 0.8846153846153846 0.21514423076923078 0.01201923076923077 0.02283653846153846
0 0.8858173076923077 0.21033653846153846 0.008413461538461538 0.019230769230769232
0 0.8990384615384616 0.2091346153846154 0.009615384615384616 0.018028846153846152
0 0.8990384615384616 0.23317307692307693 0.009615384615384616 0.020432692307692308
0 0.9110576923076923 0.21033653846153846 0.013221153846153846 0.019230769230769232
0 0.9134615384615384 0.234375 0.01201923076923077 0.020432692307692308