0 0.6442307692307693 0.6850961538461539 0.0985576923076923 0.15144230769230768
0 0.23197115384615385 0.5216346153846154 0.1141826923076923 0.12740384615384615
0 0.23076923076923078 0.1778846153846154 0.10817307692307693 0.12379807692307693
0 0.23798076923076922 0.8581730769230769 0.11658653846153846 0.14543269230769232
0 0.2403846153846154 0.33413461538461536 0.1141826923076923 0.16105769230769232
0 0.3641826923076923 0.171875 0.11899038461538461 0.13942307692307693
0 0.3605769230769231 0.5252403846153846 0.09495192307692307 0.11899038461538461
0 0.37259615384615385 0.6838942307692307 0.11298076923076923 0.15264423076923078
0 0.3713942307692308 0.8641826923076923 0.10576923076923077 0.14543269230769232
0 0.4831730769230769 0.33774038461538464 0.09254807692307693 0.140625
0 0.484375 0.17427884615384615 0.09014423076923077 0.15144230769230768
0 0.4963942307692308 0.8485576923076923 0.1141826923076923 0.16105769230769232
0 0.47716346153846156 0.5060096153846154 0.0625 0.1622596153846154
0 0.625 0.17307692307692307 0.11899038461538461 0.140625
0 0.6262019230769231 0.5132211538461539 0.10817307692307693 0.15384615384615385
0 0.625 0.34615384615384615 0.10336538461538461 0.10576923076923077
0 0.6262019230769231 0.8581730769230769 0.0889423076923077 0.14543269230769232
0 0.75 0.16706730769230768 0.11057692307692307 0.12860576923076922
0 0.7620192307692307 0.6766826923076923 0.125 0.16346153846153846
0 0.7536057692307693 0.3449519230769231 0.0889423076923077 0.14182692307692307