0 0.042067307692307696 0.49158653846153844 0.028846153846153848 0.07692307692307693
0 0.04807692307692308 0.48677884615384615 0.02283653846153846 0.056490384615384616
0 0.0829326923076923 0.4723557692307692 0.02403846153846154 0.04447115384615385
0 0.12379807692307693 0.4795673076923077 0.028846153846153848 0.040865384615384616
0 0.27884615384615385 0.7019230769230769 0.3329326923076923 0.5348557692307693
0 0.17908653846153846 0.47836538461538464 0.030048076923076924 0.06009615384615385
0 0.2283653846153846 0.4675480769230769 0.018028846153846152 0.055288461538461536
0 0.2512019230769231 0.49278846153846156 0.02283653846153846 0.04567307692307692
0 0.42427884615384615 0.46153846153846156 0.025240384615384616 0.054086538461538464
0 0.45072115384615385 0.4723557692307692 0.027644230769230768 0.07091346153846154
0 0.5120192307692307 0.5408653846153846 0.05889423076923077 0.1814903846153846
0 0.6310096153846154 0.6069711538461539 0.28365384615384615 0.3641826923076923
0 0.4987980769230769 0.4639423076923077 0.018028846153846152 0.05889423076923077
0 0.5745192307692307 0.5384615384615384 0.07932692307692307 0.23557692307692307
0 0.6634615384615384 0.5973557692307693 0.12139423076923077 0.31850961538461536
0 0.7055288461538461 0.49038461538461536 0.06370192307692307 0.11899038461538461
0 0.7403846153846154 0.49038461538461536 0.03365384615384615 0.08413461538461539
0 0.9495192307692307 0.37740384615384615 0.016826923076923076 0.0625