0 0.5841346153846154 0.5444711538461539 0.05048076923076923 0.2283653846153846
0 0.17548076923076922 0.5649038461538461 0.03245192307692308 0.06850961538461539
0 0.3112980769230769 0.5612980769230769 0.010817307692307692 0.040865384615384616
0 0.34134615384615385 0.5709134615384616 0.007211538461538462 0.036057692307692304
0 0.38221153846153844 0.5757211538461539 0.013221153846153846 0.030048076923076924
0 0.41947115384615385 0.5612980769230769 0.06850961538461539 0.1622596153846154
0 0.46875 0.5336538461538461 0.07572115384615384 0.21875
0 0.7091346153846154 0.5745192307692307 0.007211538461538462 0.016826923076923076
0 0.7680288461538461 0.5889423076923077 0.04326923076923077 0.016826923076923076
0 0.7680288461538461 0.5805288461538461 0.004807692307692308 0.016826923076923076
0 0.8149038461538461 0.5901442307692307 0.03365384615384615 0.014423076923076924
0 0.8569711538461539 0.5721153846153846 0.007211538461538462 0.026442307692307692
0 0.9411057692307693 0.5673076923076923 0.004807692307692308 0.021634615384615384
0 0.9723557692307693 0.5769230769230769 0.009615384615384616 0.018028846153846152
0 0.9807692307692307 0.5793269230769231 0.010817307692307692 0.015625