0 0.021634615384615384 0.6165865384615384 0.04326923076923077 0.14903846153846154
0 0.06129807692307692 0.6622596153846154 0.10216346153846154 0.4483173076923077
0 0.16706730769230768 0.6334134615384616 0.09495192307692307 0.31850961538461536
0 0.26802884615384615 0.7632211538461539 0.16466346153846154 0.3425480769230769
0 0.23197115384615385 0.5697115384615384 0.057692307692307696 0.27403846153846156
0 0.2704326923076923 0.5348557692307693 0.04326923076923077 0.23918269230769232
0 0.3329326923076923 0.5096153846153846 0.028846153846153848 0.12139423076923077
0 0.38461538461538464 0.7740384615384616 0.10096153846153846 0.4326923076923077
0 0.3485576923076923 0.48197115384615385 0.025240384615384616 0.09615384615384616
0 0.3605769230769231 0.46274038461538464 0.015625 0.0733173076923077
0 0.4026442307692308 0.5901442307692307 0.07572115384615384 0.2403846153846154
0 0.43509615384615385 0.4375 0.0985576923076923 0.07572115384615384
0 0.43990384615384615 0.5504807692307693 0.05889423076923077 0.14302884615384615
0 0.49158653846153844 0.515625 0.040865384615384616 0.1346153846153846
0 0.515625 0.5228365384615384 0.04567307692307692 0.13341346153846154
0 0.5829326923076923 0.8064903846153846 0.1466346153846154 0.3858173076923077
0 0.5612980769230769 0.6189903846153846 0.09615384615384616 0.20192307692307693
0 0.5588942307692307 0.671875 0.08173076923076923 0.26802884615384615
0 0.71875 0.8725961538461539 0.23076923076923078 0.2536057692307692
0 0.6911057692307693 0.6983173076923077 0.07692307692307693 0.2091346153846154
0 0.7451923076923077 0.8221153846153846 0.15745192307692307 0.31850961538461536
0 0.734375 0.7127403846153846 0.12139423076923077 0.1971153846153846
0 0.9663461538461539 0.8798076923076923 0.06610576923076923 0.23918269230769232