0 0.48677884615384615 0.5384615384615384 0.0733173076923077 0.32091346153846156
0 0.026442307692307692 0.5745192307692307 0.051682692307692304 0.328125
0 0.06490384615384616 0.4987980769230769 0.0673076923076923 0.24879807692307693
0 0.109375 0.6358173076923077 0.11538461538461539 0.5697115384615384
0 0.23197115384615385 0.5745192307692307 0.10576923076923077 0.4651442307692308
0 0.27884615384615385 0.5264423076923077 0.04326923076923077 0.25600961538461536
0 0.40625 0.49158653846153844 0.08653846153846154 0.21033653846153846
0 0.5600961538461539 0.4987980769230769 0.09495192307692307 0.3269230769230769
0 0.6225961538461539 0.5048076923076923 0.04927884615384615 0.28846153846153844
0 0.6802884615384616 0.48677884615384615 0.06610576923076923 0.22355769230769232
0 0.7127403846153846 0.5012019230769231 0.025240384615384616 0.17548076923076922
0 0.7512019230769231 0.5120192307692307 0.037259615384615384 0.16947115384615385
0 0.8221153846153846 0.5144230769230769 0.06490384615384616 0.2980769230769231
0 0.8798076923076923 0.5024038461538461 0.040865384615384616 0.28725961538461536