0 0.2668269230769231 0.5168269230769231 0.1622596153846154 0.5564903846153846
0 0.31850961538461536 0.3641826923076923 0.030048076923076924 0.22115384615384615
0 0.3798076923076923 0.3870192307692308 0.02283653846153846 0.1502403846153846
0 0.40865384615384615 0.42788461538461536 0.057692307692307696 0.2860576923076923
0 0.4495192307692308 0.36778846153846156 0.025240384615384616 0.12980769230769232
0 0.5697115384615384 0.3629807692307692 0.019230769230769232 0.08653846153846154
0 0.7295673076923077 0.39903846153846156 0.03245192307692308 0.16947115384615385
0 0.7704326923076923 0.49038461538461536 0.08533653846153846 0.35096153846153844
0 0.8004807692307693 0.38822115384615385 0.021634615384615384 0.1141826923076923
0 0.8317307692307693 0.36899038461538464 0.020432692307692308 0.0625
0 0.8629807692307693 0.41346153846153844 0.03125 0.1875
0 0.8822115384615384 0.38461538461538464 0.015625 0.09735576923076923
0 0.8990384615384616 0.4014423076923077 0.021634615384615384 0.12139423076923077
0 0.9615384615384616 0.40865384615384615 0.021634615384615384 0.11658653846153846