0 0.13341346153846154 0.6682692307692307 0.08052884615384616 0.31971153846153844
0 0.18028846153846154 0.6201923076923077 0.04807692307692308 0.2608173076923077
0 0.26802884615384615 0.6009615384615384 0.06610576923076923 0.27524038461538464
0 0.34134615384615385 0.6069711538461539 0.04567307692307692 0.25600961538461536
0 0.38461538461538464 0.6442307692307693 0.0673076923076923 0.3269230769230769
0 0.4891826923076923 0.6117788461538461 0.04927884615384615 0.2512019230769231
0 0.5612980769230769 0.6069711538461539 0.052884615384615384 0.24158653846153846
0 0.6310096153846154 0.6141826923076923 0.05048076923076923 0.2283653846153846
0 0.6923076923076923 0.5985576923076923 0.07091346153846154 0.36778846153846156
0 0.7572115384615384 0.5949519230769231 0.03485576923076923 0.1658653846153846
0 0.8052884615384616 0.578125 0.026442307692307692 0.1346153846153846
0 0.8425480769230769 0.5889423076923077 0.03245192307692308 0.15745192307692307
0 0.8858173076923077 0.5913461538461539 0.04447115384615385 0.2091346153846154
0 0.9278846153846154 0.5973557692307693 0.03485576923076923 0.17307692307692307
0 0.9759615384615384 0.6081730769230769 0.04567307692307692 0.21995192307692307