0 0.23557692307692307 0.5096153846153846 0.44350961538461536 0.23918269230769232
0 0.5204326923076923 0.5168269230769231 0.08533653846153846 0.28365384615384615
0 0.5913461538461539 0.7067307692307693 0.015625 0.036057692307692304
0 0.625 0.6694711538461539 0.014423076923076924 0.04447115384615385
0 0.6574519230769231 0.6201923076923077 0.019230769230769232 0.09495192307692307
0 0.6622596153846154 0.7475961538461539 0.021634615384615384 0.04447115384615385
0 0.7572115384615384 0.7584134615384616 0.03365384615384615 0.08173076923076923
0 0.765625 0.6310096153846154 0.038461538461538464 0.0985576923076923
0 0.7632211538461539 0.5084134615384616 0.02403846153846154 0.15745192307692307
0 0.84375 0.5240384615384616 0.06971153846153846 0.18870192307692307
0 0.8509615384615384 0.6634615384615384 0.028846153846153848 0.0985576923076923
0 0.8990384615384616 0.7403846153846154 0.02403846153846154 0.10096153846153846
0 0.9122596153846154 0.6153846153846154 0.04447115384615385 0.140625
0 0.9819711538461539 0.53125 0.03485576923076923 0.1971153846153846