0 0.025240384615384616 0.5697115384615384 0.04927884615384615 0.71875
0 0.10216346153846154 0.5973557692307693 0.20432692307692307 0.6514423076923077
0 0.08052884615384616 0.36177884615384615 0.0733173076923077 0.28125
0 0.28365384615384615 0.7764423076923077 0.19951923076923078 0.3557692307692308
0 0.28725961538461536 0.4567307692307692 0.06971153846153846 0.47115384615384615
0 0.3581730769230769 0.6057692307692307 0.1201923076923077 0.5685096153846154
0 0.4098557692307692 0.7271634615384616 0.10697115384615384 0.25721153846153844
0 0.5120192307692307 0.5288461538461539 0.18028846153846154 0.7920673076923077
0 0.6057692307692307 0.5540865384615384 0.1141826923076923 0.6081730769230769
0 0.6850961538461539 0.6887019230769231 0.21153846153846154 0.4423076923076923
0 0.8810096153846154 0.6129807692307693 0.20552884615384615 0.6358173076923077
0 0.9555288461538461 0.3858173076923077 0.08653846153846154 0.38221153846153844
0 0.9543269230769231 0.7271634615384616 0.06009615384615385 0.33533653846153844
0 0.9759615384615384 0.37259615384615385 0.046875 0.19591346153846154