0 0.21514423076923078 0.640625 0.02403846153846154 0.1045673076923077
0 0.2247596153846154 0.5252403846153846 0.019230769230769232 0.10576923076923077
0 0.24639423076923078 0.6466346153846154 0.015625 0.09375
0 0.2932692307692308 0.671875 0.02403846153846154 0.09375
0 0.3425480769230769 0.6610576923076923 0.02403846153846154 0.09375
0 0.42788461538461536 0.6382211538461539 0.019230769230769232 0.125
0 0.5048076923076923 0.6526442307692307 0.025240384615384616 0.10336538461538461
0 0.5913461538461539 0.5997596153846154 0.019230769230769232 0.11658653846153846
0 0.6177884615384616 0.6081730769230769 0.025240384615384616 0.14302884615384615
0 0.7524038461538461 0.6911057692307693 0.025240384615384616 0.1141826923076923
0 0.9735576923076923 0.6502403846153846 0.021634615384615384 0.1141826923076923