0 0.7367788461538461 0.4651442307692308 0.0829326923076923 0.34134615384615385
0 0.01201923076923077 0.5384615384615384 0.02403846153846154 0.11899038461538461
0 0.0625 0.5745192307692307 0.06009615384615385 0.1310096153846154
0 0.051682692307692304 0.4651442307692308 0.030048076923076924 0.06850961538461539
0 0.07572115384615384 0.4699519230769231 0.038461538461538464 0.07572115384615384
0 0.11658653846153846 0.6394230769230769 0.11057692307692307 0.2776442307692308
0 0.21394230769230768 0.5733173076923077 0.05889423076923077 0.16947115384615385
0 0.2860576923076923 0.5673076923076923 0.0985576923076923 0.21153846153846154
0 0.30408653846153844 0.5228365384615384 0.038461538461538464 0.11057692307692307
0 0.3798076923076923 0.5480769230769231 0.06490384615384616 0.19471153846153846
0 0.4014423076923077 0.5480769230769231 0.030048076923076924 0.18389423076923078