0 0.6766826923076923 0.9038461538461539 0.04567307692307692 0.15504807692307693
0 0.019230769230769232 0.8954326923076923 0.038461538461538464 0.16826923076923078
0 0.020432692307692308 0.6814903846153846 0.038461538461538464 0.07692307692307693
0 0.036057692307692304 0.6802884615384616 0.019230769230769232 0.038461538461538464
0 0.05889423076923077 0.6334134615384616 0.040865384615384616 0.06370192307692307
0 0.0625 0.6706730769230769 0.019230769230769232 0.056490384615384616
0 0.07572115384615384 0.9302884615384616 0.04807692307692308 0.13581730769230768
0 0.09014423076923077 0.6478365384615384 0.020432692307692308 0.09375
0 0.11538461538461539 0.8269230769230769 0.04567307692307692 0.15865384615384615
0 0.13341346153846154 0.6983173076923077 0.039663461538461536 0.08653846153846154
0 0.1622596153846154 0.7800480769230769 0.028846153846153848 0.09735576923076923
0 0.18990384615384615 0.5889423076923077 0.015625 0.11057692307692307
0 0.2127403846153846 0.7716346153846154 0.046875 0.12740384615384615
0 0.2091346153846154 0.6009615384615384 0.027644230769230768 0.12139423076923077
0 0.2692307692307692 0.4987980769230769 0.08173076923076923 0.1045673076923077
0 0.25600961538461536 0.6201923076923077 0.028846153846153848 0.11899038461538461
0 0.5276442307692307 0.8016826923076923 0.42788461538461536 0.2091346153846154
0 0.3425480769230769 0.5769230769230769 0.02403846153846154 0.07932692307692307
0 0.3605769230769231 0.5685096153846154 0.028846153846153848 0.10216346153846154
0 0.3798076923076923 0.9423076923076923 0.052884615384615384 0.11057692307692307
0 0.5108173076923077 0.41346153846153844 0.25240384615384615 0.203125
0 0.40024038461538464 0.4951923076923077 0.027644230769230768 0.0733173076923077
0 0.4182692307692308 0.9579326923076923 0.03365384615384615 0.08052884615384616
0 0.6129807692307693 0.5685096153846154 0.38221153846153844 0.20072115384615385
0 0.44350961538461536 0.9567307692307693 0.03245192307692308 0.08413461538461539
0 0.4735576923076923 0.9579326923076923 0.03485576923076923 0.08173076923076923
0 0.5240384615384616 0.9362980769230769 0.042067307692307696 0.12379807692307693
0 0.5901442307692307 0.9759615384615384 0.025240384615384616 0.046875
0 0.625 0.3545673076923077 0.020432692307692308 0.04807692307692308
0 0.6466346153846154 0.4266826923076923 0.018028846153846152 0.06370192307692307
0 0.6742788461538461 0.43990384615384615 0.030048076923076924 0.06850961538461539
0 0.6862980769230769 0.47115384615384615 0.028846153846153848 0.07572115384615384
0 0.7668269230769231 0.9350961538461539 0.037259615384615384 0.12740384615384615
0 0.7764423076923077 0.8413461538461539 0.028846153846153848 0.06009615384615385
0 0.8641826923076923 0.8641826923076923 0.09615384615384616 0.16706730769230768
0 0.921875 0.44471153846153844 0.15504807692307693 0.1935096153846154
0 0.9278846153846154 0.9543269230769231 0.04326923076923077 0.08173076923076923
0 0.9266826923076923 0.8185096153846154 0.02403846153846154 0.08413461538461539
0 0.9326923076923077 0.875 0.030048076923076924 0.12139423076923077
0 0.9579326923076923 0.8713942307692307 0.021634615384615384 0.12860576923076922