0 0.055288461538461536 0.5721153846153846 0.04447115384615385 0.1502403846153846
0 0.09615384615384616 0.5709134615384616 0.040865384615384616 0.15504807692307693
0 0.1310096153846154 0.5564903846153846 0.03365384615384615 0.10336538461538461
0 0.1622596153846154 0.5649038461538461 0.028846153846153848 0.078125
0 0.19471153846153846 0.5540865384615384 0.025240384615384616 0.0889423076923077
0 0.22596153846153846 0.5540865384615384 0.03245192307692308 0.09014423076923077
0 0.26322115384615385 0.5697115384615384 0.03125 0.13822115384615385
0 0.28365384615384615 0.546875 0.028846153846153848 0.10697115384615384
0 0.3233173076923077 0.5757211538461539 0.04567307692307692 0.12860576923076922
0 0.3918269230769231 0.5697115384615384 0.04807692307692308 0.1502403846153846
0 0.9146634615384616 0.5721153846153846 0.030048076923076924 0.1141826923076923