0 0.09134615384615384 0.7079326923076923 0.18269230769230768 0.5805288461538461
0 0.11778846153846154 0.1346153846153846 0.23557692307692307 0.07211538461538461
0 0.06129807692307692 0.31009615384615385 0.08173076923076923 0.20432692307692307
0 0.055288461538461536 0.21634615384615385 0.04447115384615385 0.14302884615384615
0 0.10336538461538461 0.4206730769230769 0.0889423076923077 0.34615384615384615
0 0.22355769230769232 0.7199519230769231 0.22235576923076922 0.5576923076923077
0 0.15504807692307693 0.25 0.04447115384615385 0.18990384615384615
0 0.1875 0.19831730769230768 0.025240384615384616 0.12860576923076922
0 0.22115384615384615 0.36778846153846156 0.08653846153846154 0.3918269230769231
0 0.3004807692307692 0.49158653846153844 0.06009615384615385 0.375
0 0.3088942307692308 0.2548076923076923 0.03245192307692308 0.09014423076923077
0 0.4182692307692308 0.1778846153846154 0.20552884615384615 0.0625
0 0.32572115384615385 0.20192307692307693 0.004807692307692308 0.03125
0 0.35336538461538464 0.25961538461538464 0.046875 0.09254807692307693
0 0.5276442307692307 0.7379807692307693 0.38341346153846156 0.5216346153846154
0 0.48677884615384615 0.265625 0.04447115384615385 0.09615384615384616
0 0.5120192307692307 0.43149038461538464 0.03245192307692308 0.037259615384615384
0 0.5132211538461539 0.39903846153846156 0.019230769230769232 0.05048076923076923
0 0.5228365384615384 0.28966346153846156 0.020432692307692308 0.13942307692307693
0 0.5661057692307693 0.3798076923076923 0.06009615384615385 0.18870192307692307
0 0.5721153846153846 0.22115384615384615 0.006009615384615385 0.055288461538461536
0 0.5829326923076923 0.21875 0.008413461538461538 0.04807692307692308
0 0.5985576923076923 0.24278846153846154 0.018028846153846152 0.04447115384615385
0 0.6430288461538461 0.5300480769230769 0.1045673076923077 0.49278846153846156
0 0.6141826923076923 0.25721153846153844 0.013221153846153846 0.03485576923076923
0 0.6766826923076923 0.6370192307692307 0.125 0.3954326923076923
0 0.6298076923076923 0.21754807692307693 0.001201923076923077 0.03485576923076923
0 0.6382211538461539 0.2536057692307692 0.008413461538461538 0.052884615384615384
0 0.6610576923076923 0.24158653846153846 0.016826923076923076 0.054086538461538464
0 0.6814903846153846 0.22956730769230768 0.008413461538461538 0.04447115384615385
0 0.6959134615384616 0.4014423076923077 0.03365384615384615 0.20432692307692307
0 0.6959134615384616 0.26802884615384615 0.010817307692307692 0.025240384615384616
0 0.8245192307692307 0.7680288461538461 0.2512019230769231 0.46033653846153844
0 0.7127403846153846 0.3004807692307692 0.019230769230769232 0.06490384615384616
0 0.7487980769230769 0.4362980769230769 0.056490384615384616 0.18870192307692307
0 0.7548076923076923 0.2776442307692308 0.015625 0.07451923076923077
0 0.7860576923076923 0.3317307692307692 0.03485576923076923 0.12259615384615384
0 0.7764423076923077 0.2620192307692308 0.01201923076923077 0.05048076923076923
0 0.8100961538461539 0.47115384615384615 0.06490384615384616 0.10697115384615384
0 0.796875 0.2608173076923077 0.004807692307692308 0.014423076923076924
0 0.8064903846153846 0.2620192307692308 0.006009615384615385 0.05048076923076923
0 0.8701923076923077 0.45072115384615385 0.10576923076923077 0.17427884615384615
0 0.8834134615384616 0.5540865384615384 0.11658653846153846 0.21995192307692307
0 0.8786057692307693 0.4014423076923077 0.09014423076923077 0.16346153846153846
0 0.9290865384615384 0.6947115384615384 0.13942307692307693 0.19471153846153846
0 0.9639423076923077 0.8365384615384616 0.06850961538461539 0.3233173076923077