0 0.018028846153846152 0.10697115384615384 0.036057692307692304 0.14182692307692307
0 0.021634615384615384 0.046875 0.04326923076923077 0.09375
0 0.06850961538461539 0.11658653846153846 0.0889423076923077 0.1814903846153846
0 0.13221153846153846 0.054086538461538464 0.054086538461538464 0.10697115384615384
0 0.15625 0.10336538461538461 0.06490384615384616 0.171875
0 0.19230769230769232 0.06009615384615385 0.0625 0.1201923076923077
0 0.23317307692307693 0.0985576923076923 0.09014423076923077 0.16947115384615385
0 0.3137019230769231 0.09975961538461539 0.08533653846153846 0.19951923076923078
0 0.3954326923076923 0.46274038461538464 0.14423076923076922 0.5925480769230769
0 0.37740384615384615 0.051682692307692304 0.08774038461538461 0.10336538461538461
0 0.3858173076923077 0.0889423076923077 0.07451923076923077 0.1622596153846154
0 0.46153846153846156 0.08413461538461539 0.08653846153846154 0.16826923076923078
0 0.5480769230769231 0.5108173076923077 0.2536057692307692 0.7451923076923077
0 0.5120192307692307 0.05048076923076923 0.05048076923076923 0.09975961538461539
0 0.5516826923076923 0.09495192307692307 0.0889423076923077 0.18990384615384615
0 0.5673076923076923 0.13822115384615385 0.055288461538461536 0.08653846153846154
0 0.5865384615384616 0.028846153846153848 0.040865384615384616 0.056490384615384616
0 0.6189903846153846 0.06370192307692307 0.057692307692307696 0.12620192307692307
0 0.6634615384615384 0.1310096153846154 0.10576923076923077 0.16826923076923078
0 0.8052884615384616 0.6069711538461539 0.3858173076923077 0.4699519230769231
0 0.6766826923076923 0.05048076923076923 0.055288461538461536 0.09975961538461539
0 0.71875 0.07211538461538461 0.0625 0.14302884615384615
0 0.796875 0.4074519230769231 0.10096153846153846 0.4675480769230769
0 0.8100961538461539 0.07572115384615384 0.11899038461538461 0.15144230769230768