0 0.16947115384615385 0.5432692307692307 0.04927884615384615 0.17668269230769232
0 0.17307692307692307 0.44350961538461536 0.028846153846153848 0.09735576923076923
0 0.19951923076923078 0.4375 0.028846153846153848 0.08533653846153846
0 0.21995192307692307 0.5120192307692307 0.040865384615384616 0.15985576923076922
0 0.24519230769230768 0.5456730769230769 0.06370192307692307 0.18269230769230768
0 0.328125 0.4074519230769231 0.21514423076923078 0.1875
0 0.296875 0.5252403846153846 0.04927884615384615 0.18028846153846154
0 0.32572115384615385 0.6466346153846154 0.06850961538461539 0.24519230769230768
0 0.3798076923076923 0.5192307692307693 0.025240384615384616 0.16346153846153846
0 0.40384615384615385 0.5180288461538461 0.04927884615384615 0.12379807692307693
0 0.40625 0.6418269230769231 0.04567307692307692 0.23918269230769232
0 0.43028846153846156 0.5204326923076923 0.027644230769230768 0.19110576923076922
0 0.4675480769230769 0.546875 0.042067307692307696 0.21394230769230768
0 0.5120192307692307 0.33052884615384615 0.07932692307692307 0.06971153846153846
0 0.5132211538461539 0.5120192307692307 0.04447115384615385 0.11057692307692307
0 0.5564903846153846 0.5552884615384616 0.039663461538461536 0.21394230769230768
0 0.5637019230769231 0.34375 0.015625 0.036057692307692304
0 0.5697115384615384 0.3557692307692308 0.015625 0.04927884615384615
0 0.6009615384615384 0.546875 0.056490384615384616 0.24158653846153846
0 0.6057692307692307 0.3894230769230769 0.02283653846153846 0.056490384615384616
0 0.6298076923076923 0.4206730769230769 0.028846153846153848 0.07572115384615384
0 0.6346153846153846 0.5276442307692307 0.03245192307692308 0.23918269230769232
0 0.6682692307692307 0.5757211538461539 0.07692307692307693 0.15745192307692307
0 0.6514423076923077 0.43149038461538464 0.025240384615384616 0.078125
0 0.7632211538461539 0.6442307692307693 0.08653846153846154 0.21394230769230768
0 0.8485576923076923 0.6370192307692307 0.1310096153846154 0.19110576923076922
0 0.8389423076923077 0.5697115384615384 0.06009615384615385 0.11778846153846154
0 0.9170673076923077 0.6189903846153846 0.037259615384615384 0.13341346153846154