0 0.06610576923076923 0.16947115384615385 0.036057692307692304 0.028846153846153848
0 0.06009615384615385 0.1658653846153846 0.020432692307692308 0.04326923076923077
0 0.09134615384615384 0.17668269230769232 0.016826923076923076 0.021634615384615384
0 0.125 0.19230769230769232 0.02283653846153846 0.037259615384615384
0 0.15144230769230768 0.19471153846153846 0.04567307692307692 0.0673076923076923
0 0.21153846153846154 0.1971153846153846 0.04447115384615385 0.056490384615384616
0 0.35096153846153844 0.20072115384615385 0.019230769230769232 0.05048076923076923
0 0.5024038461538461 0.2283653846153846 0.037259615384615384 0.10817307692307693
0 0.5480769230769231 0.23076923076923078 0.052884615384615384 0.13822115384615385
0 0.6153846153846154 0.2980769230769231 0.18629807692307693 0.2764423076923077
0 0.6802884615384616 0.3605769230769231 0.06971153846153846 0.12139423076923077