0 0.04326923076923077 0.4266826923076923 0.010817307692307692 0.01201923076923077
0 0.06971153846153846 0.4254807692307692 0.008413461538461538 0.013221153846153846
0 0.09615384615384616 0.4254807692307692 0.007211538461538462 0.018028846153846152
0 0.1141826923076923 0.4254807692307692 0.010817307692307692 0.014423076923076924
0 0.13341346153846154 0.4266826923076923 0.008413461538461538 0.013221153846153846
0 0.14302884615384615 0.4254807692307692 0.007211538461538462 0.01201923076923077
0 0.1875 0.42427884615384615 0.006009615384615385 0.008413461538461538
0 0.24759615384615385 0.42788461538461536 0.014423076923076924 0.040865384615384616
0 0.2800480769230769 0.42788461538461536 0.010817307692307692 0.042067307692307696
0 0.6201923076923077 0.4266826923076923 0.030048076923076924 0.21514423076923078
0 0.6466346153846154 0.4519230769230769 0.02403846153846154 0.1502403846153846
0 0.8040865384615384 0.5252403846153846 0.15745192307692307 0.5144230769230769