0 0.06490384615384616 0.43990384615384615 0.027644230769230768 0.0733173076923077
0 0.20793269230769232 0.6550480769230769 0.03365384615384615 0.11298076923076923
0 0.21153846153846154 0.6177884615384616 0.025240384615384616 0.1141826923076923
0 0.24519230769230768 0.6141826923076923 0.03365384615384615 0.14423076923076922
0 0.2956730769230769 0.48677884615384615 0.027644230769230768 0.04927884615384615
0 0.3269230769230769 0.7283653846153846 0.052884615384615384 0.11177884615384616
0 0.3545673076923077 0.8725961538461539 0.0985576923076923 0.16826923076923078
0 0.359375 0.6574519230769231 0.04447115384615385 0.06009615384615385
0 0.390625 0.7391826923076923 0.07091346153846154 0.12620192307692307
0 0.3858173076923077 0.6610576923076923 0.03365384615384615 0.052884615384615384
0 0.40865384615384615 0.45072115384615385 0.02403846153846154 0.07572115384615384
0 0.41586538461538464 0.6274038461538461 0.03245192307692308 0.055288461538461536
0 0.45552884615384615 0.6838942307692307 0.04447115384615385 0.06009615384615385
0 0.4579326923076923 0.6310096153846154 0.037259615384615384 0.06971153846153846
0 0.4651442307692308 0.4483173076923077 0.018028846153846152 0.042067307692307696
0 0.4795673076923077 0.6923076923076923 0.037259615384615384 0.07451923076923077
0 0.48197115384615385 0.5853365384615384 0.025240384615384616 0.06610576923076923
0 0.5144230769230769 0.7211538461538461 0.06129807692307692 0.08173076923076923
0 0.5384615384615384 0.8365384615384616 0.10336538461538461 0.14182692307692307
0 0.5072115384615384 0.5961538461538461 0.028846153846153848 0.06850961538461539
0 0.5384615384615384 0.7331730769230769 0.055288461538461536 0.0889423076923077
0 0.5444711538461539 0.7584134615384616 0.0673076923076923 0.10697115384615384
0 0.5300480769230769 0.5997596153846154 0.025240384615384616 0.04807692307692308
0 0.5492788461538461 0.6105769230769231 0.03125 0.04567307692307692
0 0.5528846153846154 0.6658653846153846 0.038461538461538464 0.08653846153846154
0 0.5889423076923077 0.6141826923076923 0.04447115384615385 0.06370192307692307
0 0.5973557692307693 0.6887019230769231 0.05889423076923077 0.08653846153846154
0 0.5865384615384616 0.6754807692307693 0.03485576923076923 0.0733173076923077
0 0.6382211538461539 0.8064903846153846 0.11538461538461539 0.2283653846153846
0 0.6225961538461539 0.7211538461538461 0.06850961538461539 0.1141826923076923
0 0.6802884615384616 0.5961538461538461 0.04567307692307692 0.06850961538461539
0 0.6850961538461539 0.6622596153846154 0.05048076923076923 0.07932692307692307
0 0.7463942307692307 0.7860576923076923 0.12379807692307693 0.2247596153846154
0 0.7115384615384616 0.6141826923076923 0.04567307692307692 0.06610576923076923
0 0.7247596153846154 0.7091346153846154 0.06850961538461539 0.15384615384615385
0 0.7163461538461539 0.6081730769230769 0.020432692307692308 0.078125
0 0.7524038461538461 0.6165865384615384 0.030048076923076924 0.06370192307692307
0 0.8786057692307693 0.7139423076923077 0.23798076923076922 0.35096153846153844
0 0.8052884615384616 0.5024038461538461 0.037259615384615384 0.05889423076923077
0 0.8701923076923077 0.5120192307692307 0.051682692307692304 0.06009615384615385
0 0.9326923076923077 0.4807692307692308 0.03485576923076923 0.05889423076923077
0 0.9675480769230769 0.4831730769230769 0.03485576923076923 0.057692307692307696
0 0.9831730769230769 0.5276442307692307 0.028846153846153848 0.07451923076923077