0 0.29086538461538464 0.5588942307692307 0.06009615384615385 0.11778846153846154
0 0.056490384615384616 0.5432692307692307 0.014423076923076924 0.036057692307692304
0 0.10697115384615384 0.5625 0.021634615384615384 0.06610576923076923
0 0.14182692307692307 0.5769230769230769 0.021634615384615384 0.1141826923076923
0 0.1778846153846154 0.5228365384615384 0.02403846153846154 0.09134615384615384
0 0.18509615384615385 0.5853365384615384 0.020432692307692308 0.08653846153846154
0 0.2283653846153846 0.5733173076923077 0.019230769230769232 0.10817307692307693
0 0.25600961538461536 0.5733173076923077 0.02403846153846154 0.10096153846153846
0 0.31009615384615385 0.5805288461538461 0.020432692307692308 0.06370192307692307
0 0.4362980769230769 0.5757211538461539 0.025240384615384616 0.1141826923076923
0 0.46875 0.5661057692307693 0.021634615384615384 0.125
0 0.48677884615384615 0.5192307692307693 0.016826923076923076 0.042067307692307696
0 0.4951923076923077 0.5769230769230769 0.03485576923076923 0.1141826923076923
0 0.5048076923076923 0.5216346153846154 0.02403846153846154 0.04807692307692308
0 0.5324519230769231 0.5661057692307693 0.028846153846153848 0.1310096153846154
0 0.5661057692307693 0.5745192307692307 0.025240384615384616 0.10336538461538461
0 0.5889423076923077 0.5745192307692307 0.02403846153846154 0.09615384615384616
0 0.6201923076923077 0.5949519230769231 0.02403846153846154 0.07091346153846154
0 0.7584134615384616 0.5552884615384616 0.014423076923076924 0.11538461538461539
0 0.8149038461538461 0.5564903846153846 0.030048076923076924 0.12139423076923077
0 0.8641826923076923 0.5144230769230769 0.03485576923076923 0.05889423076923077
0 0.9110576923076923 0.5504807692307693 0.03245192307692308 0.12259615384615384
0 0.9543269230769231 0.5516826923076923 0.06971153846153846 0.12740384615384615