0 0.16466346153846154 0.5360576923076923 0.09254807692307693 0.3004807692307692
0 0.25961538461538464 0.5024038461538461 0.078125 0.2644230769230769
0 0.3605769230769231 0.5072115384615384 0.055288461538461536 0.24879807692307693
0 0.39903846153846156 0.5456730769230769 0.08774038461538461 0.2668269230769231
0 0.45913461538461536 0.4963942307692308 0.03485576923076923 0.25600961538461536
0 0.4855769230769231 0.5180288461538461 0.07451923076923077 0.3317307692307692
0 0.5144230769230769 0.39783653846153844 0.013221153846153846 0.05889423076923077
0 0.546875 0.49759615384615385 0.03485576923076923 0.24879807692307693
0 0.5865384615384616 0.5300480769230769 0.07451923076923077 0.30649038461538464
0 0.6237980769230769 0.49399038461538464 0.04567307692307692 0.24879807692307693
0 0.6706730769230769 0.53125 0.08774038461538461 0.3088942307692308
0 0.7079326923076923 0.5048076923076923 0.051682692307692304 0.23918269230769232
0 0.7512019230769231 0.5228365384615384 0.07572115384615384 0.3269230769230769
0 0.78125 0.5060096153846154 0.046875 0.2403846153846154
0 0.9110576923076923 0.5060096153846154 0.10697115384615384 0.24519230769230768