0 0.009615384615384616 0.33413461538461536 0.019230769230769232 0.09735576923076923
0 0.06850961538461539 0.3004807692307692 0.020432692307692308 0.038461538461538464
0 0.0829326923076923 0.34375 0.02403846153846154 0.06129807692307692
0 0.10697115384615384 0.4362980769230769 0.04927884615384615 0.19230769230769232
0 0.12740384615384615 0.36658653846153844 0.0625 0.051682692307692304
0 0.12139423076923077 0.3076923076923077 0.014423076923076924 0.04447115384615385
0 0.22596153846153846 0.3088942307692308 0.03245192307692308 0.0733173076923077
0 0.25 0.30649038461538464 0.016826923076923076 0.055288461538461536
0 0.27403846153846156 0.3016826923076923 0.03365384615384615 0.08052884615384616
0 0.2956730769230769 0.3088942307692308 0.013221153846153846 0.05889423076923077
0 0.31971153846153844 0.3076923076923077 0.03485576923076923 0.05889423076923077
0 0.36538461538461536 0.31009615384615385 0.09495192307692307 0.06490384615384616
0 0.42427884615384615 0.30528846153846156 0.013221153846153846 0.042067307692307696
0 0.45552884615384615 0.30528846153846156 0.021634615384615384 0.03125
0 0.5625 0.3004807692307692 0.1778846153846154 0.03485576923076923
0 0.8569711538461539 0.3137019230769231 0.24278846153846154 0.052884615384615384
0 0.8112980769230769 0.359375 0.0673076923076923 0.20432692307692307
0 0.9314903846153846 0.4411057692307692 0.09014423076923077 0.3173076923076923