0 0.34975961538461536 0.53125 0.04927884615384615 0.19951923076923078
0 0.3894230769230769 0.5685096153846154 0.08173076923076923 0.34375
0 0.4699519230769231 0.5913461538461539 0.06971153846153846 0.3173076923076923
0 0.4675480769230769 0.43509615384615385 0.055288461538461536 0.10216346153846154
0 0.5096153846153846 0.5024038461538461 0.07692307692307693 0.17307692307692307
0 0.5324519230769231 0.49278846153846156 0.04927884615384615 0.19471153846153846
0 0.6334134615384616 0.5228365384615384 0.039663461538461536 0.18389423076923078
0 0.6971153846153846 0.46033653846153844 0.025240384615384616 0.078125
0 0.7415865384615384 0.5576923076923077 0.055288461538461536 0.2692307692307692
0 0.7704326923076923 0.5588942307692307 0.057692307692307696 0.33052884615384615
0 0.828125 0.5745192307692307 0.09975961538461539 0.3245192307692308
0 0.9555288461538461 0.6526442307692307 0.08653846153846154 0.4387019230769231