0 0.016826923076923076 0.5504807692307693 0.03365384615384615 0.6418269230769231
0 0.037259615384615384 0.45072115384615385 0.055288461538461536 0.1875
0 0.09375 0.4855769230769231 0.10817307692307693 0.3173076923076923
0 0.22115384615384615 0.39903846153846156 0.052884615384615384 0.12740384615384615
0 0.265625 0.4639423076923077 0.13581730769230768 0.20673076923076922
0 0.24519230769230768 0.4014423076923077 0.052884615384615384 0.12740384615384615
0 0.3233173076923077 0.3918269230769231 0.04447115384615385 0.1045673076923077
0 0.35697115384615385 0.41346153846153844 0.028846153846153848 0.12259615384615384
0 0.42427884615384615 0.3798076923076923 0.055288461538461536 0.10096153846153846
0 0.4987980769230769 0.49038461538461536 0.07211538461538461 0.23798076923076922
0 0.5564903846153846 0.49038461538461536 0.08653846153846154 0.20673076923076922
0 0.5564903846153846 0.38341346153846156 0.04447115384615385 0.07091346153846154
0 0.59375 0.359375 0.03245192307692308 0.06370192307692307
0 0.6442307692307693 0.5360576923076923 0.09014423076923077 0.31490384615384615
0 0.6754807692307693 0.36658653846153844 0.030048076923076924 0.06009615384615385
0 0.7427884615384616 0.6189903846153846 0.12259615384615384 0.4375
0 0.7319711538461539 0.35096153846153844 0.055288461538461536 0.12379807692307693
0 0.8149038461538461 0.49399038461538464 0.09134615384615384 0.21514423076923078
0 0.84375 0.4014423076923077 0.06490384615384616 0.125
0 0.90625 0.7115384615384616 0.18509615384615385 0.5588942307692307
0 0.9002403846153846 0.40625 0.04807692307692308 0.1141826923076923
0 0.9447115384615384 0.40865384615384615 0.04447115384615385 0.07091346153846154
0 0.9795673076923077 0.5288461538461539 0.038461538461538464 0.15745192307692307