0 0.27524038461538464 0.40625 0.5492788461538461 0.3762019230769231
0 0.20072115384615385 0.7007211538461539 0.20673076923076922 0.5961538461538461
0 0.2920673076923077 0.7860576923076923 0.24278846153846154 0.4254807692307692
0 0.3641826923076923 0.7019230769230769 0.29086538461538464 0.5913461538461539
0 0.6129807692307693 0.4807692307692308 0.2776442307692308 0.7211538461538461
0 0.5961538461538461 0.328125 0.04447115384615385 0.23677884615384615
0 0.7536057692307693 0.3329326923076923 0.056490384615384616 0.2704326923076923
0 0.8125 0.2932692307692308 0.03245192307692308 0.25
0 0.8449519230769231 0.3161057692307692 0.09615384615384616 0.34975961538461536
0 0.9182692307692307 0.3125 0.06850961538461539 0.25240384615384615
0 0.9627403846153846 0.34975961538461536 0.07211538461538461 0.2764423076923077