0 0.38822115384615385 0.8233173076923077 0.07091346153846154 0.3004807692307692
0 0.06610576923076923 0.7584134615384616 0.13221153846153846 0.13942307692307693
0 0.16826923076923078 0.75 0.016826923076923076 0.0985576923076923
0 0.20072115384615385 0.7584134615384616 0.018028846153846152 0.08774038461538461
0 0.22235576923076922 0.7560096153846154 0.009615384615384616 0.10576923076923077
0 0.25600961538461536 0.7487980769230769 0.015625 0.08533653846153846
0 0.30528846153846156 0.8076923076923077 0.055288461538461536 0.2439903846153846
0 0.4338942307692308 0.7980769230769231 0.04927884615384615 0.23677884615384615
0 0.5168269230769231 0.7391826923076923 0.02403846153846154 0.11899038461538461
0 0.5288461538461539 0.7596153846153846 0.018028846153846152 0.10336538461538461
0 0.5588942307692307 0.7608173076923077 0.028846153846153848 0.11298076923076923
0 0.5829326923076923 0.7596153846153846 0.020432692307692308 0.12980769230769232
0 0.6189903846153846 0.75 0.042067307692307696 0.13221153846153846
0 0.6670673076923077 0.7560096153846154 0.03365384615384615 0.14543269230769232
0 0.6971153846153846 0.71875 0.010817307692307692 0.055288461538461536
0 0.7127403846153846 0.7271634615384616 0.02403846153846154 0.05889423076923077
0 0.7524038461538461 0.7427884615384616 0.013221153846153846 0.08774038461538461
0 0.7740384615384616 0.7307692307692307 0.020432692307692308 0.08774038461538461
0 0.8161057692307693 0.7536057692307693 0.016826923076923076 0.11057692307692307
0 0.8413461538461539 0.7512019230769231 0.028846153846153848 0.11298076923076923