0 0.30649038461538464 0.3954326923076923 0.10817307692307693 0.25
0 0.021634615384615384 0.7752403846153846 0.04326923076923077 0.10817307692307693
0 0.12740384615384615 0.7764423076923077 0.11899038461538461 0.12860576923076922
0 0.21033653846153846 0.7776442307692307 0.026442307692307692 0.09615384615384616
0 0.23317307692307693 0.7740384615384616 0.03365384615384615 0.0889423076923077
0 0.2704326923076923 0.7728365384615384 0.02283653846153846 0.08774038461538461
0 0.6971153846153846 0.8413461538461539 0.042067307692307696 0.16947115384615385
0 0.7259615384615384 0.8329326923076923 0.030048076923076924 0.15144230769230768
0 0.8293269230769231 0.8846153846153846 0.052884615384615384 0.22115384615384615
0 0.8798076923076923 0.8834134615384616 0.0985576923076923 0.23076923076923078
0 0.9411057692307693 0.8677884615384616 0.08052884615384616 0.2548076923076923
0 0.9771634615384616 0.8653846153846154 0.040865384615384616 0.25961538461538464