0 0.5588942307692307 0.5204326923076923 0.11057692307692307 0.08774038461538461
0 0.6177884615384616 0.49399038461538464 0.02403846153846154 0.06009615384615385
0 0.6382211538461539 0.5504807692307693 0.04326923076923077 0.13822115384615385
0 0.6634615384615384 0.4879807692307692 0.028846153846153848 0.038461538461538464
0 0.6923076923076923 0.5480769230769231 0.03365384615384615 0.1141826923076923
0 0.7151442307692307 0.5108173076923077 0.038461538461538464 0.07451923076923077
0 0.7463942307692307 0.5540865384615384 0.038461538461538464 0.15264423076923078
0 0.7824519230769231 0.5240384615384616 0.04447115384615385 0.13942307692307693
0 0.7740384615384616 0.47475961538461536 0.018028846153846152 0.055288461538461536
0 0.8245192307692307 0.5456730769230769 0.027644230769230768 0.12620192307692307
0 0.8449519230769231 0.47475961538461536 0.04447115384615385 0.0625
0 0.8774038461538461 0.5673076923076923 0.052884615384615384 0.15865384615384615
0 0.9387019230769231 0.4855769230769231 0.027644230769230768 0.0625