0 0.16947115384615385 0.5552884615384616 0.07692307692307693 0.6189903846153846
0 0.26322115384615385 0.53125 0.04447115384615385 0.3317307692307692
0 0.30528846153846156 0.5444711538461539 0.03125 0.3088942307692308
0 0.33052884615384615 0.5600961538461539 0.04927884615384615 0.3425480769230769
0 0.3918269230769231 0.5396634615384616 0.07211538461538461 0.3317307692307692
0 0.48677884615384615 0.6298076923076923 0.04567307692307692 0.4362980769230769
0 0.5204326923076923 0.6189903846153846 0.03485576923076923 0.20793269230769232
0 0.5528846153846154 0.5685096153846154 0.04567307692307692 0.31971153846153844
0 0.5841346153846154 0.5360576923076923 0.037259615384615384 0.36778846153846156
0 0.8245192307692307 0.5997596153846154 0.028846153846153848 0.375
0 0.84375 0.6574519230769231 0.03125 0.5504807692307693