0 0.078125 0.609375 0.09014423076923077 0.15264423076923078
0 0.19831730769230768 0.5853365384615384 0.09375 0.12259615384615384
0 0.2439903846153846 0.5793269230769231 0.06370192307692307 0.10697115384615384
0 0.2548076923076923 0.5180288461538461 0.06129807692307692 0.18990384615384615
0 0.3269230769230769 0.5685096153846154 0.06610576923076923 0.10216346153846154
0 0.4014423076923077 0.5612980769230769 0.05889423076923077 0.09254807692307693
0 0.47596153846153844 0.5540865384615384 0.054086538461538464 0.09254807692307693
0 0.5456730769230769 0.5456730769230769 0.04567307692307692 0.08533653846153846
0 0.6045673076923077 0.5348557692307693 0.05048076923076923 0.09254807692307693
0 0.6466346153846154 0.5060096153846154 0.040865384615384616 0.13341346153846154
0 0.6947115384615384 0.5180288461538461 0.027644230769230768 0.04447115384615385
0 0.7007211538461539 0.5288461538461539 0.037259615384615384 0.078125
0 0.7319711538461539 0.5 0.025240384615384616 0.05889423076923077
0 0.75 0.5264423076923077 0.05889423076923077 0.07211538461538461
0 0.7932692307692307 0.5216346153846154 0.028846153846153848 0.06490384615384616
0 0.8052884615384616 0.5216346153846154 0.04807692307692308 0.078125
0 0.859375 0.5240384615384616 0.039663461538461536 0.07211538461538461