0 0.05048076923076923 0.5036057692307693 0.10096153846153846 0.6923076923076923
0 0.22596153846153846 0.41225961538461536 0.06610576923076923 0.203125
0 0.21394230769230768 0.3485576923076923 0.027644230769230768 0.09254807692307693
0 0.31971153846153844 0.5709134615384616 0.20552884615384615 0.6117788461538461
0 0.42427884615384615 0.3701923076923077 0.078125 0.14302884615384615
0 0.48677884615384615 0.3762019230769231 0.06610576923076923 0.10336538461538461
0 0.5132211538461539 0.33653846153846156 0.052884615384615384 0.09254807692307693
0 0.5492788461538461 0.3918269230769231 0.04447115384615385 0.13701923076923078
0 0.6454326923076923 0.5348557692307693 0.2091346153846154 0.44711538461538464
0 0.6141826923076923 0.3125 0.027644230769230768 0.057692307692307696
0 0.6358173076923077 0.31850961538461536 0.03485576923076923 0.06610576923076923
0 0.6766826923076923 0.35336538461538464 0.08774038461538461 0.1310096153846154
0 0.7103365384615384 0.3329326923076923 0.04927884615384615 0.07451923076923077
0 0.7620192307692307 0.34615384615384615 0.07211538461538461 0.11298076923076923
0 0.8293269230769231 0.37740384615384615 0.11778846153846154 0.17307692307692307
0 0.8088942307692307 0.32572115384615385 0.040865384615384616 0.06971153846153846
0 0.9362980769230769 0.3870192307692308 0.12259615384615384 0.20192307692307693
0 0.9759615384615384 0.29086538461538464 0.046875 0.21634615384615385