0 0.17427884615384615 0.8798076923076923 0.15865384615384615 0.23918269230769232
0 0.43990384615384615 0.8894230769230769 0.11177884615384616 0.21995192307692307
0 0.5685096153846154 0.8617788461538461 0.10336538461538461 0.22596153846153846
0 0.6358173076923077 0.9086538461538461 0.03365384615384615 0.06971153846153846
0 0.6742788461538461 0.9134615384615384 0.03485576923076923 0.05889423076923077
0 0.7103365384615384 0.9050480769230769 0.06129807692307692 0.10697115384615384
0 0.7560096153846154 0.9158653846153846 0.04447115384615385 0.10817307692307693
0 0.7872596153846154 0.8894230769230769 0.021634615384615384 0.06370192307692307
0 0.8185096153846154 0.8822115384615384 0.04567307692307692 0.10336538461538461
0 0.859375 0.8497596153846154 0.06490384615384616 0.13581730769230768
0 0.9158653846153846 0.8557692307692307 0.06971153846153846 0.17067307692307693
0 0.9543269230769231 0.8413461538461539 0.08653846153846154 0.16346153846153846