0 0.04447115384615385 0.9579326923076923 0.027644230769230768 0.08052884615384616
0 0.054086538461538464 0.9423076923076923 0.039663461538461536 0.1141826923076923
0 0.09975961538461539 0.8545673076923077 0.03245192307692308 0.11177884615384616
0 0.1201923076923077 0.7379807692307693 0.020432692307692308 0.06610576923076923
0 0.14903846153846154 0.78125 0.020432692307692308 0.07932692307692307
0 0.18028846153846154 0.9170673076923077 0.04927884615384615 0.1466346153846154
0 0.17067307692307693 0.6995192307692307 0.020432692307692308 0.057692307692307696
0 0.19230769230769232 0.7451923076923077 0.01201923076923077 0.04447115384615385
0 0.21875 0.8197115384615384 0.02403846153846154 0.1045673076923077
0 0.23798076923076922 0.9290865384615384 0.04447115384615385 0.13701923076923078
0 0.23197115384615385 0.8581730769230769 0.018028846153846152 0.11177884615384616
0 0.2548076923076923 0.9375 0.04807692307692308 0.12379807692307693
0 0.25240384615384615 0.7439903846153846 0.015625 0.06490384615384616
0 0.2764423076923077 0.7223557692307693 0.014423076923076924 0.0673076923076923
0 0.31490384615384615 0.8557692307692307 0.030048076923076924 0.13581730769230768
0 0.3161057692307692 0.7331730769230769 0.015625 0.0625
0 0.33413461538461536 0.7331730769230769 0.015625 0.06610576923076923
0 0.3485576923076923 0.7007211538461539 0.009615384615384616 0.051682692307692304
0 0.3629807692307692 0.7584134615384616 0.018028846153846152 0.0625
0 0.38461538461538464 0.7427884615384616 0.018028846153846152 0.07451923076923077
0 0.3918269230769231 0.765625 0.01201923076923077 0.05048076923076923
0 0.4375 0.7980769230769231 0.025240384615384616 0.09615384615384616
0 0.5024038461538461 0.8257211538461539 0.021634615384615384 0.0985576923076923
0 0.5024038461538461 0.734375 0.014423076923076924 0.06610576923076923
0 0.5264423076923077 0.8509615384615384 0.016826923076923076 0.10817307692307693
0 0.5276442307692307 0.7584134615384616 0.014423076923076924 0.055288461538461536
0 0.5552884615384616 0.8509615384615384 0.025240384615384616 0.10096153846153846
0 0.5588942307692307 0.7331730769230769 0.01201923076923077 0.06009615384615385
0 0.5661057692307693 0.7956730769230769 0.019230769230769232 0.07932692307692307
0 0.6021634615384616 0.9098557692307693 0.03365384615384615 0.14302884615384615
0 0.6009615384615384 0.7800480769230769 0.016826923076923076 0.07091346153846154
0 0.6225961538461539 0.7584134615384616 0.016826923076923076 0.0733173076923077
0 0.6538461538461539 0.7584134615384616 0.013221153846153846 0.08052884615384616
0 0.7319711538461539 0.7932692307692307 0.02403846153846154 0.08413461538461539
0 0.7836538461538461 0.7524038461538461 0.014423076923076924 0.05889423076923077
0 0.8004807692307693 0.7391826923076923 0.021634615384615384 0.055288461538461536
0 0.8233173076923077 0.8185096153846154 0.025240384615384616 0.09495192307692307
0 0.9362980769230769 0.8774038461538461 0.03485576923076923 0.12139423076923077
0 0.9723557692307693 0.8822115384615384 0.03245192307692308 0.12620192307692307