0 0.021634615384615384 0.7776442307692307 0.028846153846153848 0.08413461538461539
0 0.056490384615384616 0.7728365384615384 0.03125 0.07932692307692307
0 0.078125 0.7728365384615384 0.02403846153846154 0.0889423076923077
0 0.10096153846153846 0.7704326923076923 0.020432692307692308 0.07692307692307693
0 0.3605769230769231 0.7836538461538461 0.027644230769230768 0.13341346153846154
0 0.5 0.7764423076923077 0.16466346153846154 0.125
0 0.46153846153846156 0.8040865384615384 0.040865384615384616 0.13581730769230768
0 0.53125 0.7944711538461539 0.04447115384615385 0.12620192307692307
0 0.5961538461538461 0.8004807692307693 0.036057692307692304 0.13221153846153846
0 0.6286057692307693 0.7884615384615384 0.03365384615384615 0.13822115384615385
0 0.6802884615384616 0.7848557692307693 0.04326923076923077 0.12259615384615384
0 0.7271634615384616 0.7872596153846154 0.055288461538461536 0.14182692307692307
0 0.7836538461538461 0.8341346153846154 0.07451923076923077 0.1875
0 0.8100961538461539 0.8052884615384616 0.04807692307692308 0.15745192307692307
0 0.9086538461538461 0.8149038461538461 0.06129807692307692 0.21634615384615385
0 0.9615384615384616 0.8509615384615384 0.07572115384615384 0.296875