0 0.25240384615384615 0.5637019230769231 0.08653846153846154 0.36778846153846156
0 0.17668269230769232 0.5745192307692307 0.09134615384615384 0.3918269230769231
0 0.3485576923076923 0.5793269230769231 0.057692307692307696 0.296875
0 0.40865384615384615 0.5348557692307693 0.08533653846153846 0.3762019230769231
0 0.47836538461538464 0.5276442307692307 0.07211538461538461 0.3605769230769231
0 0.5396634615384616 0.5324519230769231 0.08052884615384616 0.3894230769230769
0 0.5793269230769231 0.5300480769230769 0.037259615384615384 0.328125
0 0.5889423076923077 0.5661057692307693 0.04447115384615385 0.3449519230769231
0 0.6057692307692307 0.5769230769230769 0.040865384615384616 0.3425480769230769
0 0.6286057692307693 0.5733173076923077 0.056490384615384616 0.42427884615384615
0 0.6875 0.6009615384615384 0.09134615384615384 0.5180288461538461
0 0.7608173076923077 0.6153846153846154 0.12740384615384615 0.5877403846153846
0 0.8798076923076923 0.6442307692307693 0.18990384615384615 0.7079326923076923