0 0.042067307692307696 0.84375 0.07211538461538461 0.27283653846153844
0 0.20793269230769232 0.8233173076923077 0.109375 0.265625
0 0.28846153846153844 0.8245192307692307 0.051682692307692304 0.25721153846153844
0 0.36778846153846156 0.8173076923076923 0.057692307692307696 0.25721153846153844
0 0.5697115384615384 0.8100961538461539 0.08413461538461539 0.24759615384615385
0 0.734375 0.6911057692307693 0.019230769230769232 0.046875
0 0.7608173076923077 0.703125 0.019230769230769232 0.04447115384615385
0 0.7836538461538461 0.6995192307692307 0.006009615384615385 0.04567307692307692
0 0.8100961538461539 0.7091346153846154 0.018028846153846152 0.0625
0 0.8389423076923077 0.7439903846153846 0.040865384615384616 0.1141826923076923
0 0.859375 0.75 0.038461538461538464 0.08653846153846154
0 0.8822115384615384 0.7932692307692307 0.046875 0.06850961538461539
0 0.875 0.6935096153846154 0.018028846153846152 0.042067307692307696
0 0.9110576923076923 0.7019230769230769 0.025240384615384616 0.07572115384615384