0 0.040865384615384616 0.5564903846153846 0.08052884615384616 0.18509615384615385
0 0.09134615384615384 0.5048076923076923 0.08052884615384616 0.15144230769230768
0 0.0733173076923077 0.5204326923076923 0.036057692307692304 0.15865384615384615
0 0.0985576923076923 0.49399038461538464 0.04447115384615385 0.10817307692307693
0 0.11298076923076923 0.5048076923076923 0.05889423076923077 0.10697115384615384
0 0.14302884615384615 0.5048076923076923 0.08653846153846154 0.1201923076923077
0 0.1778846153846154 0.5060096153846154 0.10817307692307693 0.11778846153846154
0 0.3245192307692308 0.5408653846153846 0.20072115384615385 0.24639423076923078
0 0.25961538461538464 0.5036057692307693 0.037259615384615384 0.14182692307692307
0 0.3004807692307692 0.5492788461538461 0.08774038461538461 0.1502403846153846
0 0.2848557692307692 0.5192307692307693 0.04927884615384615 0.19471153846153846
0 0.36177884615384615 0.5108173076923077 0.04326923076923077 0.16947115384615385
0 0.38221153846153844 0.5084134615384616 0.06009615384615385 0.15504807692307693
0 0.37740384615384615 0.5072115384615384 0.021634615384615384 0.18269230769230768
0 0.40865384615384615 0.5540865384615384 0.06129807692307692 0.18629807692307693
0 0.5576923076923077 0.5192307692307693 0.17548076923076922 0.3701923076923077
0 0.8137019230769231 0.5889423076923077 0.3713942307692308 0.27524038461538464
0 0.8221153846153846 0.5588942307692307 0.14182692307692307 0.17067307692307693
0 0.7728365384615384 0.5324519230769231 0.037259615384615384 0.0985576923076923
0 0.8209134615384616 0.6310096153846154 0.09615384615384616 0.1658653846153846
0 0.8497596153846154 0.5600961538461539 0.125 0.15625
0 0.8942307692307693 0.5889423076923077 0.15985576923076922 0.20673076923076922
0 0.8786057692307693 0.5841346153846154 0.05048076923076923 0.09615384615384616
0 0.9254807692307693 0.5997596153846154 0.11298076923076923 0.13942307692307693
0 0.9242788461538461 0.5204326923076923 0.09134615384615384 0.10336538461538461
0 0.9555288461538461 0.5865384615384616 0.08774038461538461 0.20192307692307693
0 0.96875 0.6286057692307693 0.06129807692307692 0.08173076923076923
0 0.9867788461538461 0.5420673076923077 0.016826923076923076 0.08052884615384616