0 0.4675480769230769 0.6983173076923077 0.042067307692307696 0.11658653846153846
0 0.4987980769230769 0.5985576923076923 0.9975961538461539 0.15865384615384615
0 0.055288461538461536 0.7079326923076923 0.02403846153846154 0.06610576923076923
0 0.2644230769230769 0.7175480769230769 0.02403846153846154 0.0733173076923077
0 0.2956730769230769 0.6826923076923077 0.007211538461538462 0.05048076923076923
0 0.3173076923076923 0.6971153846153846 0.019230769230769232 0.06129807692307692
0 0.34375 0.7259615384615384 0.02403846153846154 0.0733173076923077
0 0.390625 0.6971153846153846 0.018028846153846152 0.057692307692307696
0 0.49038461538461536 0.7043269230769231 0.013221153846153846 0.06610576923076923
0 0.5420673076923077 0.6754807692307693 0.020432692307692308 0.0733173076923077
0 0.5348557692307693 0.6778846153846154 0.004807692307692308 0.055288461538461536
0 0.609375 0.7379807692307693 0.02403846153846154 0.0889423076923077
0 0.6935096153846154 0.7115384615384616 0.015625 0.07451923076923077
0 0.8004807692307693 0.7079326923076923 0.020432692307692308 0.06129807692307692
0 0.8305288461538461 0.9663461538461539 0.03245192307692308 0.06610576923076923
0 0.8786057692307693 0.7175480769230769 0.015625 0.09735576923076923
0 0.9447115384615384 0.9663461538461539 0.040865384615384616 0.06610576923076923
0 0.9663461538461539 0.71875 0.013221153846153846 0.08653846153846154
0 0.9807692307692307 0.9050480769230769 0.03365384615384615 0.18028846153846154