0 0.04326923076923077 0.5600961538461539 0.08653846153846154 0.32572115384615385
0 0.12980769230769232 0.7019230769230769 0.15144230769230768 0.15384615384615385
0 0.11778846153846154 0.4651442307692308 0.0889423076923077 0.22596153846153846
0 0.20673076923076922 0.4735576923076923 0.1141826923076923 0.23197115384615385
0 0.24879807692307693 0.6802884615384616 0.11177884615384616 0.19831730769230768
0 0.29927884615384615 0.515625 0.10096153846153846 0.20192307692307693
0 0.35216346153846156 0.5793269230769231 0.15384615384615385 0.3329326923076923
0 0.4699519230769231 0.49399038461538464 0.12259615384615384 0.25
0 0.47475961538461536 0.5733173076923077 0.09975961538461539 0.3088942307692308
0 0.5576923076923077 0.6370192307692307 0.1778846153846154 0.27283653846153844
0 0.6262019230769231 0.5456730769230769 0.11778846153846154 0.2920673076923077
0 0.6201923076923077 0.32572115384615385 0.0889423076923077 0.16346153846153846
0 0.7043269230769231 0.5492788461538461 0.15625 0.3269230769230769
0 0.6923076923076923 0.43990384615384615 0.06971153846153846 0.12139423076923077
0 0.8016826923076923 0.5769230769230769 0.15865384615384615 0.31971153846153844
0 0.8076923076923077 0.328125 0.051682692307692304 0.15264423076923078
0 0.9230769230769231 0.5276442307692307 0.15144230769230768 0.2608173076923077
0 0.8798076923076923 0.3473557692307692 0.04927884615384615 0.11177884615384616
0 0.9074519230769231 0.40384615384615385 0.06850961538461539 0.15384615384615385