0 0.5877403846153846 0.6430288461538461 0.8233173076923077 0.6105769230769231
0 0.2764423076923077 0.7127403846153846 0.052884615384615384 0.25961538461538464
0 0.34975961538461536 0.6826923076923077 0.05048076923076923 0.24278846153846154
0 0.3762019230769231 0.7896634615384616 0.09615384615384616 0.2403846153846154
0 0.4795673076923077 0.6274038461538461 0.06850961538461539 0.19831730769230768
0 0.5168269230769231 0.6538461538461539 0.06129807692307692 0.2439903846153846
0 0.6069711538461539 0.4807692307692308 0.171875 0.15865384615384615
0 0.640625 0.7848557692307693 0.08653846153846154 0.28725961538461536
0 0.6382211538461539 0.7067307692307693 0.04567307692307692 0.20552884615384615
0 0.7271634615384616 0.6394230769230769 0.028846153846153848 0.055288461538461536
0 0.7295673076923077 0.4879807692307692 0.02283653846153846 0.04807692307692308
0 0.7788461538461539 0.7560096153846154 0.06850961538461539 0.3161057692307692
0 0.8521634615384616 0.4675480769230769 0.030048076923076924 0.12379807692307693
0 0.8978365384615384 0.7824519230769231 0.06971153846153846 0.3317307692307692
0 0.9423076923076923 0.8028846153846154 0.07451923076923077 0.3125
0 0.9350961538461539 0.5925480769230769 0.036057692307692304 0.12740384615384615
0 0.9278846153846154 0.4543269230769231 0.021634615384615384 0.1346153846153846
0 0.953125 0.5228365384615384 0.03365384615384615 0.13221153846153846