0 0.5408653846153846 0.5685096153846154 0.08413461538461539 0.4483173076923077
0 0.016826923076923076 0.7439903846153846 0.03245192307692308 0.21995192307692307
0 0.16947115384615385 0.5576923076923077 0.33533653846153844 0.21995192307692307
0 0.028846153846153848 0.036057692307692304 0.028846153846153848 0.06971153846153846
0 0.051682692307692304 0.04326923076923077 0.016826923076923076 0.08653846153846154
0 0.06971153846153846 0.04807692307692308 0.020432692307692308 0.09615384615384616
0 0.10697115384615384 0.04567307692307692 0.02403846153846154 0.0733173076923077
0 0.15865384615384615 0.6862980769230769 0.0733173076923077 0.22115384615384615
0 0.13581730769230768 0.038461538461538464 0.026442307692307692 0.07692307692307693
0 0.16346153846153846 0.04326923076923077 0.019230769230769232 0.08653846153846154
0 0.22115384615384615 0.038461538461538464 0.03125 0.07692307692307693
0 0.26802884615384615 0.640625 0.08052884615384616 0.18990384615384615
0 0.27283653846153844 0.027644230769230768 0.03125 0.055288461538461536
0 0.32211538461538464 0.48677884615384615 0.027644230769230768 0.07572115384615384
0 0.3641826923076923 0.03245192307692308 0.09495192307692307 0.06490384615384616
0 0.41346153846153844 0.6129807692307693 0.08413461538461539 0.18629807692307693
0 0.45072115384615385 0.5324519230769231 0.04807692307692308 0.1935096153846154
0 0.5060096153846154 0.3713942307692308 0.037259615384615384 0.11658653846153846
0 0.5288461538461539 0.32091346153846156 0.021634615384615384 0.057692307692307696
0 0.5552884615384616 0.33413461538461536 0.030048076923076924 0.13341346153846154
0 0.6081730769230769 0.2644230769230769 0.02403846153846154 0.06129807692307692
0 0.6778846153846154 0.47115384615384615 0.08653846153846154 0.24158653846153846
0 0.6778846153846154 0.07932692307692307 0.030048076923076924 0.15865384615384615
0 0.7115384615384616 0.057692307692307696 0.04807692307692308 0.1141826923076923
0 0.796875 0.5300480769230769 0.09134615384615384 0.38341346153846156
0 0.8665865384615384 0.39302884615384615 0.04326923076923077 0.140625
0 0.9002403846153846 0.5300480769230769 0.08774038461538461 0.2644230769230769
0 0.9639423076923077 0.5697115384615384 0.06971153846153846 0.5516826923076923