0 0.01201923076923077 0.13221153846153846 0.02403846153846154 0.036057692307692304
0 0.025240384615384616 0.15745192307692307 0.05048076923076923 0.040865384615384616
0 0.078125 0.12980769230769232 0.038461538461538464 0.051682692307692304
0 0.09134615384615384 0.43028846153846156 0.04927884615384615 0.09375
0 0.15264423076923078 0.4182692307692308 0.04447115384615385 0.09254807692307693
0 0.20192307692307693 0.41947115384615385 0.06490384615384616 0.10096153846153846
0 0.2283653846153846 0.4110576923076923 0.04927884615384615 0.08774038461538461
0 0.22596153846153846 0.12980769230769232 0.038461538461538464 0.06129807692307692
0 0.26322115384615385 0.11538461538461539 0.010817307692307692 0.039663461538461536
0 0.2824519230769231 0.1141826923076923 0.03245192307692308 0.04447115384615385
0 0.31009615384615385 0.14302884615384615 0.04447115384615385 0.06009615384615385
0 0.31490384615384615 0.11177884615384616 0.028846153846153848 0.028846153846153848
0 0.41346153846153844 0.5661057692307693 0.10216346153846154 0.078125
0 0.4411057692307692 0.12860576923076922 0.019230769230769232 0.057692307692307696
0 0.4795673076923077 0.14302884615384615 0.036057692307692304 0.04927884615384615
0 0.5180288461538461 0.12740384615384615 0.040865384615384616 0.04927884615384615
0 0.6129807692307693 0.3329326923076923 0.020432692307692308 0.019230769230769232
0 0.6550480769230769 0.11778846153846154 0.028846153846153848 0.052884615384615384
0 0.6766826923076923 0.11298076923076923 0.028846153846153848 0.06850961538461539
0 0.6983173076923077 0.1201923076923077 0.036057692307692304 0.04807692307692308
0 0.7163461538461539 0.0985576923076923 0.010817307692307692 0.026442307692307692
0 0.765625 0.34134615384615385 0.04326923076923077 0.08052884615384616
0 0.8401442307692307 0.10336538461538461 0.04447115384615385 0.056490384615384616
0 0.8810096153846154 0.3641826923076923 0.04326923076923077 0.06490384615384616
0 0.9302884615384616 0.3641826923076923 0.06971153846153846 0.054086538461538464
0 0.9699519230769231 0.3605769230769231 0.05889423076923077 0.054086538461538464