0 0.04567307692307692 0.7283653846153846 0.09014423076923077 0.375
0 0.3545673076923077 0.5240384615384616 0.7079326923076923 0.33533653846153844
0 0.11899038461538461 0.5336538461538461 0.08052884615384616 0.3137019230769231
0 0.17067307692307693 0.5300480769230769 0.04807692307692308 0.24278846153846154
0 0.19831730769230768 0.5252403846153846 0.046875 0.25961538461538464
0 0.4567307692307692 0.5516826923076923 0.05889423076923077 0.34615384615384615
0 0.5865384615384616 0.6358173076923077 0.10576923076923077 0.4519230769230769
0 0.6189903846153846 0.43028846153846156 0.040865384615384616 0.09615384615384616
0 0.6586538461538461 0.6262019230769231 0.07091346153846154 0.41947115384615385
0 0.7487980769230769 0.5132211538461539 0.09495192307692307 0.3137019230769231
0 0.8485576923076923 0.7043269230769231 0.13942307692307693 0.5685096153846154
0 0.9362980769230769 0.37740384615384615 0.06610576923076923 0.24879807692307693
0 0.9543269230769231 0.6694711538461539 0.09014423076923077 0.4170673076923077
0 0.9663461538461539 0.4519230769230769 0.06610576923076923 0.1502403846153846
0 0.9795673076923077 0.3016826923076923 0.036057692307692304 0.14182692307692307