0 0.042067307692307696 0.23317307692307693 0.07572115384615384 0.265625
0 0.09615384615384616 0.2127403846153846 0.05048076923076923 0.14783653846153846
0 0.1502403846153846 0.234375 0.0673076923076923 0.21394230769230768
0 0.35697115384615385 0.21754807692307693 0.06009615384615385 0.1346153846153846
0 0.4567307692307692 0.15504807692307693 0.025240384615384616 0.039663461538461536
0 0.4807692307692308 0.15264423076923078 0.018028846153846152 0.028846153846153848
0 0.5216346153846154 0.1466346153846154 0.028846153846153848 0.04447115384615385
0 0.5504807692307693 0.14543269230769232 0.04927884615384615 0.06490384615384616
0 0.6514423076923077 0.16947115384615385 0.051682692307692304 0.04447115384615385
0 0.6947115384615384 0.16346153846153846 0.039663461538461536 0.06610576923076923
0 0.7163461538461539 0.15625 0.036057692307692304 0.057692307692307696
0 0.7439903846153846 0.15384615384615385 0.03245192307692308 0.04807692307692308
0 0.8846153846153846 0.31971153846153844 0.13341346153846154 0.4387019230769231
0 0.8581730769230769 0.18028846153846154 0.021634615384615384 0.039663461538461536
0 0.9651442307692307 0.41586538461538464 0.0673076923076923 0.5276442307692307
0 0.9483173076923077 0.20072115384615385 0.026442307692307692 0.02403846153846154