0 0.04447115384615385 0.5540865384615384 0.009615384615384616 0.04927884615384615
0 0.06971153846153846 0.5805288461538461 0.040865384615384616 0.1141826923076923
0 0.09134615384615384 0.5805288461538461 0.013221153846153846 0.09134615384615384
0 0.11658653846153846 0.5769230769230769 0.03125 0.11899038461538461
0 0.23557692307692307 0.5745192307692307 0.09975961538461539 0.09975961538461539
0 0.3581730769230769 0.6298076923076923 0.06009615384615385 0.2127403846153846
0 0.38822115384615385 0.5612980769230769 0.02403846153846154 0.06850961538461539
0 0.4206730769230769 0.5769230769230769 0.03245192307692308 0.11177884615384616
0 0.43990384615384615 0.5637019230769231 0.026442307692307692 0.09615384615384616
0 0.44591346153846156 0.5576923076923077 0.009615384615384616 0.0673076923076923
0 0.5492788461538461 0.71875 0.13701923076923078 0.4567307692307692
0 0.9146634615384616 0.7223557692307693 0.16947115384615385 0.5540865384615384