0 0.40384615384615385 0.7548076923076923 0.04807692307692308 0.15384615384615385
0 0.12740384615384615 0.7043269230769231 0.039663461538461536 0.08653846153846154
0 0.1778846153846154 0.7548076923076923 0.055288461538461536 0.17427884615384615
0 0.30528846153846156 0.6923076923076923 0.02403846153846154 0.06850961538461539
0 0.3329326923076923 0.7043269230769231 0.016826923076923076 0.06971153846153846
0 0.515625 0.7560096153846154 0.037259615384615384 0.16105769230769232
0 0.5552884615384616 0.7403846153846154 0.037259615384615384 0.15865384615384615
0 0.5817307692307693 0.7163461538461539 0.026442307692307692 0.09495192307692307
0 0.6057692307692307 0.7379807692307693 0.05889423076923077 0.140625
0 0.8221153846153846 0.7295673076923077 0.35336538461538464 0.15985576923076922
0 0.7283653846153846 0.7223557692307693 0.028846153846153848 0.09975961538461539
0 0.8689903846153846 0.7295673076923077 0.030048076923076924 0.12620192307692307