0 0.10576923076923077 0.5649038461538461 0.21153846153846154 0.8653846153846154
0 0.18509615384615385 0.4483173076923077 0.15504807692307693 0.5456730769230769
0 0.3473557692307692 0.65625 0.4495192307692308 0.6826923076923077
0 0.3076923076923077 0.4230769230769231 0.12620192307692307 0.49038461538461536
0 0.38100961538461536 0.3581730769230769 0.06490384615384616 0.1658653846153846
0 0.46033653846153844 0.25240384615384615 0.12139423076923077 0.3161057692307692
0 0.5492788461538461 0.3161057692307692 0.056490384615384616 0.12620192307692307
0 0.5576923076923077 0.29447115384615385 0.04447115384615385 0.06490384615384616
0 0.6045673076923077 0.36177884615384615 0.09014423076923077 0.2091346153846154
0 0.7403846153846154 0.35096153846153844 0.17307692307692307 0.5432692307692307
0 0.875 0.31009615384615385 0.24759615384615385 0.4807692307692308