0 0.47596153846153844 0.7608173076923077 0.07451923076923077 0.1622596153846154
0 0.006009615384615385 0.7596153846153846 0.01201923076923077 0.030048076923076924
0 0.19110576923076922 0.7752403846153846 0.07692307692307693 0.23076923076923078
0 0.2776442307692308 0.671875 0.03365384615384615 0.1201923076923077
0 0.31971153846153844 0.6646634615384616 0.0625 0.15144230769230768
0 0.40625 0.7704326923076923 0.21153846153846154 0.2403846153846154
0 0.4206730769230769 0.7211538461538461 0.046875 0.09615384615384616
0 0.5721153846153846 0.7223557692307693 0.037259615384615384 0.11298076923076923
0 0.6225961538461539 0.71875 0.04447115384615385 0.09615384615384616
0 0.6814903846153846 0.7451923076923077 0.08413461538461539 0.15384615384615385
0 0.75 0.703125 0.04447115384615385 0.06490384615384616
0 0.7836538461538461 0.7463942307692307 0.07091346153846154 0.16105769230769232
0 0.828125 0.6971153846153846 0.03485576923076923 0.040865384615384616
0 0.9194711538461539 0.7115384615384616 0.038461538461538464 0.11298076923076923