0 0.8930288461538461 0.5276442307692307 0.07211538461538461 0.1814903846153846
0 0.055288461538461536 0.46274038461538464 0.07091346153846154 0.18629807692307693
0 0.12259615384615384 0.4735576923076923 0.056490384615384616 0.15504807692307693
0 0.1875 0.4879807692307692 0.07692307692307693 0.33413461538461536
0 0.3088942307692308 0.48677884615384615 0.09975961538461539 0.34975961538461536
0 0.359375 0.5036057692307693 0.06971153846153846 0.35336538461538464
0 0.4026442307692308 0.5204326923076923 0.037259615384615384 0.109375
0 0.43028846153846156 0.5120192307692307 0.051682692307692304 0.1141826923076923
0 0.49278846153846156 0.5108173076923077 0.05048076923076923 0.11538461538461539
0 0.5456730769230769 0.48677884615384615 0.037259615384615384 0.18870192307692307
0 0.578125 0.48197115384615385 0.04447115384615385 0.20072115384615385
0 0.6586538461538461 0.5048076923076923 0.15625 0.5264423076923077
0 0.7211538461538461 0.4963942307692308 0.09134615384615384 0.5072115384615384
0 0.9855769230769231 0.5649038461538461 0.027644230769230768 0.09615384615384616