0 0.02403846153846154 0.9074519230769231 0.04807692307692308 0.18389423076923078
0 0.06370192307692307 0.9194711538461539 0.08653846153846154 0.15985576923076922
0 0.037259615384615384 0.3954326923076923 0.025240384615384616 0.037259615384615384
0 0.06129807692307692 0.3798076923076923 0.018028846153846152 0.04927884615384615
0 0.21754807692307693 0.9002403846153846 0.06370192307692307 0.19831730769230768
0 0.27403846153846156 0.4579326923076923 0.030048076923076924 0.14182692307692307
0 0.32572115384615385 0.4170673076923077 0.030048076923076924 0.09975961538461539
0 0.421875 0.4254807692307692 0.030048076923076924 0.1141826923076923
0 0.5060096153846154 0.4170673076923077 0.038461538461538464 0.0985576923076923
0 0.5432692307692307 0.3798076923076923 0.02403846153846154 0.0889423076923077
0 0.5997596153846154 0.4170673076923077 0.030048076923076924 0.11177884615384616
0 0.6141826923076923 0.4050480769230769 0.02403846153846154 0.09615384615384616
0 0.6634615384615384 0.4110576923076923 0.052884615384615384 0.10336538461538461
0 0.9182692307692307 0.34615384615384615 0.020432692307692308 0.08052884615384616
0 0.9579326923076923 0.34134615384615385 0.027644230769230768 0.08774038461538461