0 0.009615384615384616 0.4110576923076923 0.019230769230769232 0.08653846153846154
0 0.013221153846153846 0.09254807692307693 0.025240384615384616 0.09375
0 0.038461538461538464 0.30408653846153844 0.07692307692307693 0.10216346153846154
0 0.039663461538461536 0.49158653846153844 0.07932692307692307 0.10817307692307693
0 0.008413461538461538 0.2608173076923077 0.013221153846153846 0.078125
0 0.036057692307692304 0.38100961538461536 0.0673076923076923 0.14783653846153846
0 0.037259615384615384 0.03245192307692308 0.06610576923076923 0.06490384615384616
0 0.025240384615384616 0.16826923076923078 0.030048076923076924 0.09254807692307693
0 0.046875 0.18990384615384615 0.052884615384615384 0.12139423076923077
0 0.0625 0.2439903846153846 0.07692307692307693 0.13221153846153846
0 0.08173076923076923 0.06009615384615385 0.11177884615384616 0.1201923076923077
0 0.09254807692307693 0.12139423076923077 0.07211538461538461 0.140625
0 0.109375 0.2920673076923077 0.07692307692307693 0.13581730769230768
0 0.1141826923076923 0.17307692307692307 0.07211538461538461 0.140625
0 0.13221153846153846 0.4795673076923077 0.10697115384615384 0.15865384615384615
0 0.12980769230769232 0.037259615384615384 0.078125 0.07451923076923077
0 0.14182692307692307 0.38461538461538464 0.08052884615384616 0.14783653846153846
0 0.16947115384615385 0.21033653846153846 0.06971153846153846 0.23918269230769232
0 0.171875 0.054086538461538464 0.06129807692307692 0.10817307692307693
0 0.1814903846153846 0.30528846153846156 0.07692307692307693 0.13942307692307693
0 0.21875 0.43149038461538464 0.10697115384615384 0.11899038461538461
0 0.19471153846153846 0.08653846153846154 0.05048076923076923 0.08173076923076923
0 0.20793269230769232 0.33413461538461536 0.06971153846153846 0.13822115384615385
0 0.24158653846153846 0.19951923076923078 0.08774038461538461 0.16105769230769232
0 0.28125 0.5745192307692307 0.15625 0.24519230769230768
0 0.24158653846153846 0.390625 0.06850961538461539 0.125
0 0.31490384615384615 0.17908653846153846 0.13822115384615385 0.2932692307692308
0 0.28365384615384615 0.3401442307692308 0.055288461538461536 0.11298076923076923
0 0.3112980769230769 0.38822115384615385 0.07451923076923077 0.14543269230769232
0 0.328125 0.21153846153846154 0.078125 0.31971153846153844
0 0.3088942307692308 0.28125 0.02403846153846154 0.055288461538461536
0 0.359375 0.4375 0.0985576923076923 0.125
0 0.37740384615384615 0.07932692307692307 0.04807692307692308 0.15865384615384615
0 0.4266826923076923 0.08052884615384616 0.0985576923076923 0.16105769230769232
0 0.43028846153846156 0.21033653846153846 0.09615384615384616 0.36177884615384615
0 0.4855769230769231 0.17908653846153846 0.12259615384615384 0.17908653846153846
0 0.49038461538461536 0.3112980769230769 0.08173076923076923 0.359375
0 0.5024038461538461 0.04807692307692308 0.056490384615384616 0.09495192307692307
0 0.5540865384615384 0.09495192307692307 0.08653846153846154 0.1466346153846154
0 0.5516826923076923 0.36778846153846156 0.07451923076923077 0.234375
0 0.5649038461538461 0.40865384615384615 0.08774038461538461 0.2512019230769231
0 0.5817307692307693 0.20432692307692307 0.11899038461538461 0.21875
0 0.5649038461538461 0.040865384615384616 0.0733173076923077 0.08173076923076923
0 0.5913461538461539 0.4411057692307692 0.09134615384615384 0.2536057692307692
0 0.6298076923076923 0.04447115384615385 0.0829326923076923 0.08774038461538461
0 0.6310096153846154 0.11538461538461539 0.07451923076923077 0.140625
0 0.7427884615384616 0.48197115384615385 0.2776442307692308 0.7463942307692307
0 0.6550480769230769 0.15144230769230768 0.06971153846153846 0.12259615384615384
0 0.6742788461538461 0.17427884615384615 0.054086538461538464 0.0733173076923077
0 0.7091346153846154 0.6009615384615384 0.09735576923076923 0.18509615384615385
0 0.6838942307692307 0.054086538461538464 0.03365384615384615 0.07932692307692307
0 0.71875 0.0985576923076923 0.078125 0.10817307692307693
0 0.7295673076923077 0.027644230769230768 0.056490384615384616 0.054086538461538464
0 0.7644230769230769 0.0625 0.0733173076923077 0.125
0 0.7824519230769231 0.33533653846153844 0.08653846153846154 0.15384615384615385
0 0.7920673076923077 0.19831730769230768 0.09134615384615384 0.12259615384615384
0 0.8112980769230769 0.43149038461538464 0.09014423076923077 0.1346153846153846
0 0.8016826923076923 0.23918269230769232 0.06009615384615385 0.11899038461538461
0 0.8173076923076923 0.10216346153846154 0.06850961538461539 0.1310096153846154
0 0.8305288461538461 0.2932692307692308 0.06009615384615385 0.13822115384615385
0 0.875 0.5096153846153846 0.10096153846153846 0.12860576923076922
0 0.8701923076923077 0.3473557692307692 0.08653846153846154 0.1346153846153846
0 0.8653846153846154 0.08413461538461539 0.07211538461538461 0.140625
0 0.8774038461538461 0.2512019230769231 0.052884615384615384 0.09254807692307693
0 0.9110576923076923 0.15264423076923078 0.09375 0.17067307692307693
0 0.9086538461538461 0.2956730769230769 0.06610576923076923 0.14182692307692307
0 0.9110576923076923 0.4230769230769231 0.06490384615384616 0.13581730769230768
0 0.9471153846153846 0.49278846153846156 0.09014423076923077 0.171875
0 0.9206730769230769 0.04447115384615385 0.03365384615384615 0.07211538461538461
0 0.9471153846153846 0.21394230769230768 0.06971153846153846 0.13581730769230768
0 0.953125 0.3449519230769231 0.06850961538461539 0.12259615384615384
0 0.9471153846153846 0.0673076923076923 0.04927884615384615 0.13341346153846154
0 0.96875 0.3918269230769231 0.06009615384615385 0.13942307692307693
0 0.9735576923076923 0.12139423076923077 0.05048076923076923 0.1346153846153846
0 0.9771634615384616 0.2692307692307692 0.040865384615384616 0.11057692307692307
0 0.9819711538461539 0.15625 0.03365384615384615 0.13581730769230768
0 0.9819711538461539 0.5012019230769231 0.03365384615384615 0.140625
0 0.9831730769230769 0.328125 0.03245192307692308 0.12620192307692307
0 0.9831730769230769 0.03365384615384615 0.028846153846153848 0.0673076923076923