0 0.2512019230769231 0.578125 0.5024038461538461 0.4014423076923077
0 0.1971153846153846 0.6995192307692307 0.20072115384615385 0.2956730769230769
0 0.23197115384615385 0.8076923076923077 0.23677884615384615 0.38221153846153844
0 0.5216346153846154 0.8040865384615384 0.20192307692307693 0.3870192307692308
0 0.5925480769230769 0.4723557692307692 0.07451923076923077 0.1875
0 0.6514423076923077 0.4338942307692308 0.06009615384615385 0.10697115384615384
0 0.6983173076923077 0.4495192307692308 0.07211538461538461 0.10576923076923077
0 0.7764423076923077 0.7692307692307693 0.21754807692307693 0.43028846153846156
0 0.8461538461538461 0.4723557692307692 0.18990384615384615 0.14783653846153846
0 0.8725961538461539 0.6141826923076923 0.12740384615384615 0.2704326923076923
0 0.9639423076923077 0.5973557692307693 0.07091346153846154 0.28365384615384615