0 0.22956730769230768 0.7175480769230769 0.11057692307692307 0.33413461538461536
0 0.2644230769230769 0.6658653846153846 0.042067307692307696 0.2512019230769231
0 0.38822115384615385 0.7427884615384616 0.06610576923076923 0.3329326923076923
0 0.4735576923076923 0.7776442307692307 0.1310096153846154 0.4423076923076923
0 0.4795673076923077 0.5973557692307693 0.03365384615384615 0.09014423076923077
0 0.49278846153846156 0.6490384615384616 0.038461538461538464 0.12860576923076922
0 0.5324519230769231 0.6526442307692307 0.056490384615384616 0.16826923076923078
0 0.5769230769230769 0.7475961538461539 0.13341346153846154 0.40625
0 0.6394230769230769 0.6935096153846154 0.04927884615384615 0.20552884615384615
0 0.6658653846153846 0.625 0.037259615384615384 0.11778846153846154
0 0.6923076923076923 0.7019230769230769 0.06490384615384616 0.21514423076923078
0 0.7055288461538461 0.6081730769230769 0.037259615384615384 0.05889423076923077
0 0.7403846153846154 0.7512019230769231 0.09495192307692307 0.3713942307692308
0 0.7211538461538461 0.6802884615384616 0.02283653846153846 0.1658653846153846
0 0.7848557692307693 0.6862980769230769 0.04567307692307692 0.20192307692307693