0 0.6442307692307693 0.7644230769230769 0.04567307692307692 0.21875
0 0.025240384615384616 0.6610576923076923 0.013221153846153846 0.07451923076923077
0 0.06971153846153846 0.6586538461538461 0.020432692307692308 0.07451923076923077
0 0.2512019230769231 0.6766826923076923 0.020432692307692308 0.08413461538461539
0 0.30528846153846156 0.6694711538461539 0.016826923076923076 0.056490384615384616
0 0.33653846153846156 0.6754807692307693 0.010817307692307692 0.0733173076923077
0 0.40865384615384615 0.6742788461538461 0.014423076923076924 0.07091346153846154
0 0.4326923076923077 0.6766826923076923 0.013221153846153846 0.07091346153846154
0 0.47475961538461536 0.6454326923076923 0.013221153846153846 0.02403846153846154
0 0.5949519230769231 0.6850961538461539 0.09254807692307693 0.13341346153846154
0 0.6899038461538461 0.6742788461538461 0.019230769230769232 0.0889423076923077
0 0.7367788461538461 0.4987980769230769 0.07451923076923077 0.1466346153846154
0 0.9483173076923077 0.484375 0.10216346153846154 0.16105769230769232