0 0.057692307692307696 0.7884615384615384 0.11538461538461539 0.4206730769230769
0 0.04807692307692308 0.46274038461538464 0.05048076923076923 0.13341346153846154
0 0.06971153846153846 0.5552884615384616 0.04447115384615385 0.055288461538461536
0 0.08774038461538461 0.6237980769230769 0.06129807692307692 0.08653846153846154
0 0.08052884615384616 0.42788461538461536 0.04447115384615385 0.12259615384615384
0 0.10576923076923077 0.8329326923076923 0.09254807692307693 0.3317307692307692
0 0.12740384615384615 0.7415865384615384 0.109375 0.21754807692307693
0 0.09615384615384616 0.5721153846153846 0.042067307692307696 0.040865384615384616
0 0.09134615384615384 0.5324519230769231 0.03245192307692308 0.06009615384615385
0 0.09975961538461539 0.5096153846153846 0.025240384615384616 0.08774038461538461
0 0.12259615384615384 0.5625 0.052884615384615384 0.11298076923076923
0 0.11778846153846154 0.4206730769230769 0.038461538461538464 0.09134615384615384
0 0.17067307692307693 0.65625 0.06610576923076923 0.140625
0 0.16466346153846154 0.4495192307692308 0.03485576923076923 0.07932692307692307
0 0.23317307692307693 0.8798076923076923 0.1658653846153846 0.23918269230769232
0 0.16706730769230768 0.4206730769230769 0.03245192307692308 0.06610576923076923
0 0.16947115384615385 0.5288461538461539 0.025240384615384616 0.038461538461538464
0 0.1814903846153846 0.5108173076923077 0.026442307692307692 0.040865384615384616
0 0.21634615384615385 0.609375 0.06971153846153846 0.11899038461538461
0 0.22235576923076922 0.703125 0.06490384615384616 0.15384615384615385
0 0.23557692307692307 0.5216346153846154 0.03245192307692308 0.04927884615384615
0 0.27524038461538464 0.5276442307692307 0.09975961538461539 0.1502403846153846
0 0.2620192307692308 0.47836538461538464 0.04807692307692308 0.09495192307692307
0 0.33052884615384615 0.5985576923076923 0.12259615384615384 0.17908653846153846
0 0.3269230769230769 0.7139423076923077 0.08774038461538461 0.16826923076923078
0 0.31490384615384615 0.4639423076923077 0.057692307692307696 0.08774038461538461
0 0.40865384615384615 0.8653846153846154 0.22716346153846154 0.26802884615384615
0 0.3942307692307692 0.5348557692307693 0.042067307692307696 0.10336538461538461
0 0.41346153846153844 0.6526442307692307 0.08173076923076923 0.17067307692307693
0 0.49158653846153844 0.6129807692307693 0.18870192307692307 0.29447115384615385
0 0.4326923076923077 0.7223557692307693 0.06009615384615385 0.12620192307692307
0 0.4519230769230769 0.47475961538461536 0.06009615384615385 0.10576923076923077
0 0.4951923076923077 0.7524038461538461 0.09975961538461539 0.20552884615384615
0 0.5024038461538461 0.5612980769230769 0.07451923076923077 0.11899038461538461
0 0.5360576923076923 0.859375 0.12379807692307693 0.2800480769230769
0 0.5252403846153846 0.4206730769230769 0.03365384615384615 0.06610576923076923
0 0.5576923076923077 0.44350961538461536 0.0829326923076923 0.15625
0 0.6237980769230769 0.9278846153846154 0.15384615384615385 0.14302884615384615
0 0.5877403846153846 0.6141826923076923 0.078125 0.16706730769230768
0 0.5949519230769231 0.5709134615384616 0.037259615384615384 0.0625
0 0.6550480769230769 0.6682692307692307 0.10817307692307693 0.24519230769230768
0 0.6382211538461539 0.46634615384615385 0.06490384615384616 0.11177884615384616
0 0.6682692307692307 0.7752403846153846 0.12259615384615384 0.20793269230769232
0 0.6514423076923077 0.8341346153846154 0.07451923076923077 0.08653846153846154
0 0.7439903846153846 0.8004807692307693 0.09134615384615384 0.3954326923076923
0 0.7668269230769231 0.4855769230769231 0.09615384615384616 0.13221153846153846
0 0.8629807692307693 0.5456730769230769 0.09254807692307693 0.17307692307692307
0 0.9350961538461539 0.6778846153846154 0.10216346153846154 0.37740384615384615