0 0.008413461538461538 0.6213942307692307 0.016826923076923076 0.06490384615384616
0 0.22956730769230768 0.5721153846153846 0.02403846153846154 0.07211538461538461
0 0.22596153846153846 0.578125 0.013221153846153846 0.07451923076923077
0 0.25721153846153844 0.5817307692307693 0.018028846153846152 0.08173076923076923
0 0.2704326923076923 0.5552884615384616 0.014423076923076924 0.0673076923076923
0 0.3016826923076923 0.59375 0.028846153846153848 0.0673076923076923
0 0.30288461538461536 0.5685096153846154 0.015625 0.055288461538461536
0 0.3173076923076923 0.5805288461538461 0.02283653846153846 0.06009615384615385
0 0.3173076923076923 0.5685096153846154 0.014423076923076924 0.040865384615384616
0 0.3317307692307692 0.5841346153846154 0.025240384615384616 0.08653846153846154
0 0.33413461538461536 0.5649038461538461 0.020432692307692308 0.04807692307692308
0 0.3954326923076923 0.5745192307692307 0.018028846153846152 0.0673076923076923
0 0.40865384615384615 0.5877403846153846 0.025240384615384616 0.07451923076923077
0 0.4326923076923077 0.5685096153846154 0.020432692307692308 0.06490384615384616
0 0.45552884615384615 0.5649038461538461 0.010817307692307692 0.052884615384615384
0 0.4579326923076923 0.5697115384615384 0.013221153846153846 0.078125
0 0.6045673076923077 0.5336538461538461 0.009615384615384616 0.052884615384615384
0 0.6177884615384616 0.5288461538461539 0.013221153846153846 0.052884615384615384
0 0.65625 0.5348557692307693 0.010817307692307692 0.036057692307692304
0 0.6670673076923077 0.5588942307692307 0.018028846153846152 0.055288461538461536
0 0.6742788461538461 0.5612980769230769 0.014423076923076924 0.06009615384615385
0 0.6983173076923077 0.5588942307692307 0.019230769230769232 0.06009615384615385
0 0.6995192307692307 0.5192307692307693 0.010817307692307692 0.038461538461538464
0 0.7247596153846154 0.5252403846153846 0.018028846153846152 0.04927884615384615
0 0.7992788461538461 0.5300480769230769 0.02283653846153846 0.04567307692307692