0 0.09375 0.5721153846153846 0.16947115384615385 0.7956730769230769
0 0.040865384615384616 0.30288461538461536 0.04326923076923077 0.08774038461538461
0 0.23076923076923078 0.5877403846153846 0.12259615384615384 0.6430288461538461
0 0.375 0.6213942307692307 0.36658653846153844 0.7548076923076923
0 0.35336538461538464 0.25 0.06129807692307692 0.08173076923076923
0 0.4891826923076923 0.3557692307692308 0.07211538461538461 0.20793269230769232
0 0.5889423076923077 0.5697115384615384 0.10096153846153846 0.6959134615384616
0 0.6598557692307693 0.6105769230769231 0.1778846153846154 0.7764423076923077
0 0.7884615384615384 0.6129807692307693 0.078125 0.7271634615384616
0 0.875 0.5877403846153846 0.24879807692307693 0.8209134615384616
0 0.9170673076923077 0.29447115384615385 0.038461538461538464 0.0985576923076923
0 0.9314903846153846 0.29447115384615385 0.028846153846153848 0.06490384615384616
0 0.9639423076923077 0.5444711538461539 0.06971153846153846 0.6706730769230769