0 0.08413461538461539 0.5228365384615384 0.019230769230769232 0.07451923076923077
0 0.10817307692307693 0.5288461538461539 0.02283653846153846 0.0625
0 0.12620192307692307 0.5252403846153846 0.013221153846153846 0.06850961538461539
0 0.16105769230769232 0.5673076923076923 0.051682692307692304 0.23798076923076922
0 0.2764423076923077 0.5793269230769231 0.042067307692307696 0.1814903846153846
0 0.36778846153846156 0.5745192307692307 0.04807692307692308 0.20673076923076922
0 0.5132211538461539 0.5697115384615384 0.04447115384615385 0.21634615384615385
0 0.6682692307692307 0.4963942307692308 0.09254807692307693 0.04927884615384615
0 0.7211538461538461 0.5144230769230769 0.02403846153846154 0.07451923076923077
0 0.7475961538461539 0.515625 0.02283653846153846 0.06610576923076923
0 0.8221153846153846 0.5348557692307693 0.028846153846153848 0.12259615384615384
0 0.9002403846153846 0.5168269230769231 0.028846153846153848 0.0985576923076923
0 0.9735576923076923 0.5504807692307693 0.04326923076923077 0.15745192307692307