0 0.046875 0.7019230769230769 0.09375 0.59375
0 0.06129807692307692 0.6514423076923077 0.12139423076923077 0.6959134615384616
0 0.054086538461538464 0.3112980769230769 0.038461538461538464 0.07572115384615384
0 0.09975961538461539 0.3557692307692308 0.09254807692307693 0.1310096153846154
0 0.08173076923076923 0.3016826923076923 0.04326923076923077 0.0673076923076923
0 0.18629807692307693 0.328125 0.09014423076923077 0.1778846153846154
0 0.3449519230769231 0.4831730769230769 0.3269230769230769 0.8858173076923077
0 0.23317307692307693 0.2704326923076923 0.04927884615384615 0.13221153846153846
0 0.2620192307692308 0.2860576923076923 0.02403846153846154 0.057692307692307696
0 0.6610576923076923 0.453125 0.44471153846153844 0.5612980769230769
0 0.5288461538461539 0.25841346153846156 0.020432692307692308 0.0889423076923077
0 0.5673076923076923 0.22235576923076922 0.036057692307692304 0.06971153846153846
0 0.5661057692307693 0.25240384615384615 0.030048076923076924 0.040865384615384616
0 0.5673076923076923 0.2980769230769231 0.03245192307692308 0.10216346153846154
0 0.6298076923076923 0.25240384615384615 0.07572115384615384 0.22596153846153846
0 0.6766826923076923 0.22716346153846154 0.09014423076923077 0.22956730769230768
0 0.8810096153846154 0.4254807692307692 0.22355769230769232 0.4723557692307692
0 0.9194711538461539 0.3701923076923077 0.15865384615384615 0.34375
0 0.9699519230769231 0.5204326923076923 0.05889423076923077 0.16826923076923078