0 0.21514423076923078 0.8701923076923077 0.14302884615384615 0.25721153846153844
0 0.0733173076923077 0.8713942307692307 0.1466346153846154 0.25240384615384615
0 0.08533653846153846 0.6610576923076923 0.08413461538461539 0.08653846153846154
0 0.2283653846153846 0.6634615384615384 0.06971153846153846 0.08653846153846154
0 0.3786057692307692 0.9338942307692307 0.11177884615384616 0.125
0 0.40625 0.9423076923076923 0.020432692307692308 0.042067307692307696
0 0.5 0.6730769230769231 0.06610576923076923 0.0733173076923077
0 0.5420673076923077 0.9399038461538461 0.042067307692307696 0.06490384615384616
0 0.5973557692307693 0.6682692307692307 0.08653846153846154 0.09375
0 0.59375 0.9639423076923077 0.046875 0.06490384615384616
0 0.6634615384615384 0.9362980769230769 0.037259615384615384 0.052884615384615384
0 0.6971153846153846 0.6766826923076923 0.078125 0.078125
0 0.7055288461538461 0.9483173076923077 0.0625 0.05889423076923077
0 0.7824519230769231 0.9026442307692307 0.040865384615384616 0.04807692307692308
0 0.7956730769230769 0.9387019230769231 0.040865384615384616 0.05048076923076923
0 0.8365384615384616 0.671875 0.06971153846153846 0.08653846153846154
0 0.8810096153846154 0.9483173076923077 0.05048076923076923 0.06129807692307692
0 0.90625 0.9783653846153846 0.054086538461538464 0.040865384615384616
0 0.9483173076923077 0.6670673076923077 0.06490384615384616 0.09615384615384616