0 0.6262019230769231 0.45552884615384615 0.296875 0.65625
0 0.026442307692307692 0.8533653846153846 0.052884615384615384 0.29086538461538464
0 0.5 0.33413461538461536 0.9987980769230769 0.24879807692307693
0 0.09254807692307693 0.8185096153846154 0.010817307692307692 0.02403846153846154
0 0.1778846153846154 0.8725961538461539 0.009615384615384616 0.027644230769230768
0 0.23798076923076922 0.9278846153846154 0.01201923076923077 0.027644230769230768
0 0.2824519230769231 0.7331730769230769 0.04807692307692308 0.03485576923076923
0 0.43990384615384615 0.8341346153846154 0.01201923076923077 0.021634615384615384
0 0.44711538461538464 0.8100961538461539 0.010817307692307692 0.014423076923076924
0 0.4543269230769231 0.8317307692307693 0.013221153846153846 0.027644230769230768
0 0.46875 0.8233173076923077 0.009615384615384616 0.02283653846153846
0 0.5336538461538461 0.9891826923076923 0.009615384615384616 0.019230769230769232
0 0.5456730769230769 0.9807692307692307 0.013221153846153846 0.036057692307692304
0 0.5504807692307693 0.9435096153846154 0.018028846153846152 0.039663461538461536
0 0.5745192307692307 0.9447115384615384 0.019230769230769232 0.03245192307692308