0 0.03365384615384615 0.96875 0.03365384615384615 0.06009615384615385
0 0.06850961538461539 0.9459134615384616 0.051682692307692304 0.10576923076923077
0 0.06009615384615385 0.9447115384615384 0.013221153846153846 0.10817307692307693
0 0.0829326923076923 0.90625 0.028846153846153848 0.1141826923076923
0 0.12139423076923077 0.9086538461538461 0.06490384615384616 0.17908653846153846
0 0.19110576923076922 0.84375 0.06850961538461539 0.14903846153846154
0 0.27163461538461536 0.8161057692307693 0.055288461538461536 0.17548076923076922
0 0.34375 0.7620192307692307 0.054086538461538464 0.1971153846153846
0 0.3786057692307692 0.7235576923076923 0.054086538461538464 0.203125
0 0.4495192307692308 0.671875 0.054086538461538464 0.22115384615384615
0 0.5072115384615384 0.625 0.06009615384615385 0.23677884615384615
0 0.5889423076923077 0.5685096153846154 0.09975961538461539 0.21394230769230768
0 0.6802884615384616 0.5084134615384616 0.08173076923076923 0.23557692307692307
0 0.7668269230769231 0.47115384615384615 0.09134615384615384 0.17427884615384615
0 0.8365384615384616 0.42908653846153844 0.07211538461538461 0.18389423076923078
0 0.8497596153846154 0.34134615384615385 0.046875 0.07572115384615384
0 0.8533653846153846 0.3425480769230769 0.026442307692307692 0.10817307692307693
0 0.8846153846153846 0.38461538461538464 0.06490384615384616 0.0985576923076923
0 0.9338942307692307 0.35216346153846156 0.040865384615384616 0.18629807692307693
0 0.9699519230769231 0.34134615384615385 0.05889423076923077 0.10096153846153846