0 0.010817307692307692 0.45552884615384615 0.021634615384615384 0.0625
0 0.015625 0.4831730769230769 0.03125 0.13942307692307693
0 0.109375 0.5024038461538461 0.054086538461538464 0.12860576923076922
0 0.25961538461538464 0.5216346153846154 0.027644230769230768 0.12620192307692307
0 0.3112980769230769 0.5372596153846154 0.054086538461538464 0.13942307692307693
0 0.35216346153846156 0.5552884615384616 0.026442307692307692 0.11538461538461539
0 0.38822115384615385 0.5564903846153846 0.07451923076923077 0.13822115384615385
0 0.4543269230769231 0.5661057692307693 0.0625 0.16346153846153846
0 0.515625 0.5721153846153846 0.07211538461538461 0.1466346153846154
0 0.6033653846153846 0.6021634615384616 0.1045673076923077 0.20673076923076922
0 0.7151442307692307 0.6081730769230769 0.0829326923076923 0.23317307692307693
0 0.8125 0.6382211538461539 0.07692307692307693 0.23798076923076922
0 0.8846153846153846 0.6466346153846154 0.11298076923076923 0.23317307692307693
0 0.953125 0.6814903846153846 0.09254807692307693 0.296875