0 0.010817307692307692 0.34375 0.021634615384615384 0.06370192307692307
0 0.06610576923076923 0.36778846153846156 0.05048076923076923 0.19230769230769232
0 0.08052884615384616 0.36538461538461536 0.027644230769230768 0.109375
0 0.27884615384615385 0.6298076923076923 0.33653846153846156 0.7391826923076923
0 0.265625 0.3798076923076923 0.04447115384615385 0.06610576923076923
0 0.3016826923076923 0.4230769230769231 0.03245192307692308 0.14543269230769232
0 0.38341346153846156 0.4014423076923077 0.028846153846153848 0.051682692307692304
0 0.4855769230769231 0.33413461538461536 0.21153846153846154 0.6394230769230769
0 0.5829326923076923 0.46033653846153844 0.05048076923076923 0.1201923076923077
0 0.765625 0.4699519230769231 0.20552884615384615 0.4519230769230769
0 0.9807692307692307 0.49759615384615385 0.037259615384615384 0.10817307692307693