0 0.15384615384615385 0.43028846153846156 0.04447115384615385 0.11658653846153846
0 0.18509615384615385 0.43509615384615385 0.04807692307692308 0.15504807692307693
0 0.27403846153846156 0.45072115384615385 0.0673076923076923 0.17067307692307693
0 0.3701923076923077 0.4411057692307692 0.06009615384615385 0.14182692307692307
0 0.375 0.41466346153846156 0.055288461538461536 0.13221153846153846
0 0.5985576923076923 0.38341346153846156 0.028846153846153848 0.12740384615384615
0 0.6141826923076923 0.3954326923076923 0.03485576923076923 0.0829326923076923
0 0.6358173076923077 0.41346153846153844 0.025240384615384616 0.11057692307692307
0 0.6754807692307693 0.4110576923076923 0.028846153846153848 0.10096153846153846
0 0.7199519230769231 0.4050480769230769 0.03365384615384615 0.11057692307692307
0 0.7548076923076923 0.4230769230769231 0.03365384615384615 0.1310096153846154