0 0.06490384615384616 0.18509615384615385 0.12860576923076922 0.22355769230769232
0 0.17668269230769232 0.25841346153846156 0.04447115384615385 0.13942307692307693
0 0.21875 0.24759615384615385 0.042067307692307696 0.13341346153846154
0 0.25961538461538464 0.11658653846153846 0.04807692307692308 0.05889423076923077
0 0.29927884615384615 0.18269230769230768 0.10576923076923077 0.3004807692307692
0 0.38341346153846156 0.14423076923076922 0.02403846153846154 0.09495192307692307
0 0.4050480769230769 0.1502403846153846 0.03485576923076923 0.12980769230769232
0 0.4735576923076923 0.17668269230769232 0.037259615384615384 0.11177884615384616
0 0.515625 0.16826923076923078 0.03485576923076923 0.12860576923076922
0 0.546875 0.17668269230769232 0.037259615384615384 0.13221153846153846
0 0.5769230769230769 0.17668269230769232 0.037259615384615384 0.11538461538461539
0 0.6514423076923077 0.36177884615384615 0.1778846153846154 0.6057692307692307
0 0.7668269230769231 0.31971153846153844 0.0625 0.10336538461538461
0 0.7764423076923077 0.2439903846153846 0.07451923076923077 0.17668269230769232
0 0.859375 0.25600961538461536 0.09735576923076923 0.1814903846153846