0 0.49399038461538464 0.2860576923076923 0.08653846153846154 0.2127403846153846
0 0.15384615384615385 0.6382211538461539 0.3076923076923077 0.71875
0 0.09134615384615384 0.35697115384615385 0.09134615384615384 0.29086538461538464
0 0.21754807692307693 0.4519230769230769 0.14182692307692307 0.5132211538461539
0 0.30408653846153844 0.39663461538461536 0.14543269230769232 0.35216346153846156
0 0.30649038461538464 0.3629807692307692 0.11057692307692307 0.31971153846153844
0 0.3701923076923077 0.3401442307692308 0.09735576923076923 0.2824519230769231
0 0.6346153846153846 0.31850961538461536 0.11057692307692307 0.25
0 0.6658653846153846 0.35216346153846156 0.14423076923076922 0.3894230769230769
0 0.7175480769230769 0.4387019230769231 0.17067307692307693 0.47716346153846156
0 0.8617788461538461 0.6117788461538461 0.27403846153846156 0.7740384615384616