0 0.06129807692307692 0.5745192307692307 0.0889423076923077 0.5276442307692307
0 0.12620192307692307 0.5372596153846154 0.06850961538461539 0.4567307692307692
0 0.22956730769230768 0.671875 0.20793269230769232 0.6538461538461539
0 0.3161057692307692 0.5697115384615384 0.12860576923076922 0.5721153846153846
0 0.43028846153846156 0.4014423076923077 0.038461538461538464 0.13341346153846154
0 0.5180288461538461 0.5384615384615384 0.12860576923076922 0.6237980769230769
0 0.6586538461538461 0.6201923076923077 0.27884615384615385 0.7548076923076923
0 0.6117788461538461 0.3894230769230769 0.054086538461538464 0.15745192307692307
0 0.7487980769230769 0.40384615384615385 0.05048076923076923 0.15504807692307693
0 0.7836538461538461 0.5396634615384616 0.10817307692307693 0.39903846153846156
0 0.7740384615384616 0.36658653846153844 0.040865384615384616 0.1201923076923077
0 0.8329326923076923 0.375 0.05889423076923077 0.14302884615384615
0 0.8834134615384616 0.453125 0.09014423076923077 0.31490384615384615
0 0.9266826923076923 0.45552884615384615 0.08413461538461539 0.34375
0 0.953125 0.5252403846153846 0.09134615384615384 0.6237980769230769
0 0.9711538461538461 0.31971153846153844 0.042067307692307696 0.12139423076923077