0 0.056490384615384616 0.640625 0.11298076923076923 0.23076923076923078
0 0.08173076923076923 0.5600961538461539 0.09615384615384616 0.3701923076923077
0 0.13581730769230768 0.5084134615384616 0.0829326923076923 0.31850961538461536
0 0.1935096153846154 0.5216346153846154 0.036057692307692304 0.12259615384615384
0 0.22716346153846154 0.5048076923076923 0.020432692307692308 0.038461538461538464
0 0.25961538461538464 0.49038461538461536 0.04807692307692308 0.1502403846153846
0 0.4987980769230769 0.21754807692307693 0.16706730769230768 0.17668269230769232
0 0.5588942307692307 0.44471153846153844 0.1141826923076923 0.11177884615384616
0 0.7992788461538461 0.3293269230769231 0.07211538461538461 0.1045673076923077
0 0.9651442307692307 0.5480769230769231 0.04567307692307692 0.09615384615384616
0 0.9819711538461539 0.6045673076923077 0.03485576923076923 0.3016826923076923