0 0.4423076923076923 0.90625 0.04567307692307692 0.18509615384615385
0 0.3581730769230769 0.8028846153846154 0.3401442307692308 0.03485576923076923
0 0.37740384615384615 0.9086538461538461 0.052884615384615384 0.1814903846153846
0 0.6021634615384616 0.875 0.03365384615384615 0.19831730769230768
0 0.6286057692307693 0.8894230769230769 0.04927884615384615 0.1935096153846154
0 0.6490384615384616 0.8533653846153846 0.021634615384615384 0.109375
0 0.6538461538461539 0.7704326923076923 0.02403846153846154 0.055288461538461536
0 0.6598557692307693 0.8617788461538461 0.025240384615384616 0.11298076923076923
0 0.6766826923076923 0.8473557692307693 0.021634615384615384 0.10576923076923077
0 0.6887019230769231 0.8233173076923077 0.018028846153846152 0.08413461538461539
0 0.7043269230769231 0.8605769230769231 0.01201923076923077 0.078125
0 0.71875 0.8449519230769231 0.025240384615384616 0.12620192307692307
0 0.7427884615384616 0.8377403846153846 0.02403846153846154 0.09375
0 0.7764423076923077 0.8677884615384616 0.04326923076923077 0.14903846153846154
0 0.8197115384615384 0.8762019230769231 0.039663461538461536 0.13581730769230768
0 0.8473557692307693 0.8389423076923077 0.03485576923076923 0.09375
0 0.8713942307692307 0.8425480769230769 0.025240384615384616 0.10336538461538461
0 0.9014423076923077 0.8413461538461539 0.021634615384615384 0.10336538461538461
0 0.9242788461538461 0.859375 0.03365384615384615 0.15264423076923078
0 0.9615384615384616 0.8533653846153846 0.026442307692307692 0.140625
0 0.9903846153846154 0.8269230769230769 0.018028846153846152 0.09735576923076923