0 0.5600961538461539 0.5480769230769231 0.15264423076923078 0.8161057692307693
0 0.01201923076923077 0.12980769230769232 0.013221153846153846 0.06129807692307692
0 0.056490384615384616 0.12620192307692307 0.016826923076923076 0.04807692307692308
0 0.0733173076923077 0.125 0.018028846153846152 0.051682692307692304
0 0.1814903846153846 0.0985576923076923 0.014423076923076924 0.054086538461538464
0 0.38100961538461536 0.10336538461538461 0.014423076923076924 0.04807692307692308
0 0.39903846153846156 0.10697115384615384 0.018028846153846152 0.051682692307692304
0 0.6850961538461539 0.13822115384615385 0.020432692307692308 0.042067307692307696
0 0.7223557692307693 0.12860576923076922 0.025240384615384616 0.07932692307692307
0 0.7427884615384616 0.12740384615384615 0.02403846153846154 0.07451923076923077
0 0.7704326923076923 0.13341346153846154 0.038461538461538464 0.07211538461538461
0 0.7992788461538461 0.1346153846153846 0.014423076923076924 0.06129807692307692