0 0.6766826923076923 0.45072115384615385 0.06370192307692307 0.29927884615384615
0 0.019230769230769232 0.30408653846153844 0.038461538461538464 0.1466346153846154
0 0.5 0.10096153846153846 0.9987980769230769 0.20192307692307693
0 0.0733173076923077 0.4206730769230769 0.12860576923076922 0.28125
0 0.22596153846153846 0.24519230769230768 0.036057692307692304 0.14182692307692307
0 0.35336538461538464 0.4735576923076923 0.09735576923076923 0.2620192307692308
0 0.46634615384615385 0.28846153846153844 0.07572115384615384 0.15985576923076922
0 0.5276442307692307 0.296875 0.04567307692307692 0.14182692307692307
0 0.5817307692307693 0.36899038461538464 0.06610576923076923 0.22115384615384615
0 0.7704326923076923 0.3269230769230769 0.055288461538461536 0.18870192307692307
0 0.7740384615384616 0.22716346153846154 0.046875 0.08653846153846154