0 0.8197115384615384 0.9206730769230769 0.05889423076923077 0.15384615384615385
0 0.11778846153846154 0.8713942307692307 0.054086538461538464 0.11658653846153846
0 0.15745192307692307 0.8978365384615384 0.1310096153846154 0.16947115384615385
0 0.18269230769230768 0.7704326923076923 0.03365384615384615 0.06610576923076923
0 0.21875 0.7536057692307693 0.025240384615384616 0.057692307692307696
0 0.24278846153846154 0.7560096153846154 0.028846153846153848 0.06129807692307692
0 0.3161057692307692 0.890625 0.054086538461538464 0.14543269230769232
0 0.31971153846153844 0.8473557692307693 0.05048076923076923 0.12620192307692307
0 0.4987980769230769 0.9495192307692307 0.06009615384615385 0.09615384615384616
0 0.49399038461538464 0.8425480769230769 0.037259615384615384 0.1141826923076923
0 0.5516826923076923 0.9326923076923077 0.07932692307692307 0.12980769230769232
0 0.6045673076923077 0.875 0.057692307692307696 0.10576923076923077
0 0.6947115384615384 0.90625 0.1045673076923077 0.16346153846153846
0 0.7680288461538461 0.8389423076923077 0.04807692307692308 0.08052884615384616
0 0.78125 0.7824519230769231 0.02403846153846154 0.08533653846153846
0 0.828125 0.8257211538461539 0.03365384615384615 0.06971153846153846
0 0.8834134615384616 0.8882211538461539 0.07211538461538461 0.16105769230769232
0 0.9026442307692307 0.9399038461538461 0.08173076923076923 0.11899038461538461
0 0.9254807692307693 0.8449519230769231 0.04326923076923077 0.07451923076923077
0 0.9711538461538461 0.8641826923076923 0.055288461538461536 0.12860576923076922