0 0.036057692307692304 0.6382211538461539 0.07091346153846154 0.10817307692307693
0 0.0733173076923077 0.6887019230769231 0.12139423076923077 0.10096153846153846
0 0.13822115384615385 0.6658653846153846 0.08653846153846154 0.12860576923076922
0 0.21394230769230768 0.6598557692307693 0.09615384615384616 0.13822115384615385
0 0.20432692307692307 0.609375 0.030048076923076924 0.06009615384615385
0 0.23317307692307693 0.6225961538461539 0.05048076923076923 0.10216346153846154
0 0.2704326923076923 0.6310096153846154 0.055288461538461536 0.09615384615384616
0 0.3088942307692308 0.6370192307692307 0.06610576923076923 0.11538461538461539
0 0.3389423076923077 0.6274038461538461 0.056490384615384616 0.09735576923076923
0 0.3870192307692308 0.6237980769230769 0.042067307692307696 0.109375
0 0.4110576923076923 0.5913461538461539 0.030048076923076924 0.06490384615384616
0 0.43149038461538464 0.578125 0.027644230769230768 0.055288461538461536
0 0.46634615384615385 0.6153846153846154 0.07091346153846154 0.0985576923076923
0 0.46274038461538464 0.6033653846153846 0.019230769230769232 0.027644230769230768
0 0.5637019230769231 0.6117788461538461 0.07451923076923077 0.09254807692307693
0 0.6225961538461539 0.6334134615384616 0.02283653846153846 0.02403846153846154
0 0.6466346153846154 0.6057692307692307 0.039663461538461536 0.07451923076923077
0 0.6862980769230769 0.6057692307692307 0.04927884615384615 0.0889423076923077
0 0.7151442307692307 0.6105769230769231 0.06610576923076923 0.09254807692307693
0 0.8016826923076923 0.6850961538461539 0.12860576923076922 0.15264423076923078
0 0.8112980769230769 0.5997596153846154 0.04567307692307692 0.10096153846153846
0 0.8581730769230769 0.6502403846153846 0.0733173076923077 0.16947115384615385
0 0.9326923076923077 0.6670673076923077 0.0829326923076923 0.18389423076923078
0 0.9074519230769231 0.5961538461538461 0.030048076923076924 0.0673076923076923
0 0.9639423076923077 0.6057692307692307 0.06490384615384616 0.08533653846153846
0 0.9507211538461539 0.5612980769230769 0.030048076923076924 0.027644230769230768
0 0.9867788461538461 0.578125 0.025240384615384616 0.040865384615384616