0 0.030048076923076924 0.13822115384615385 0.06009615384615385 0.04326923076923077
0 0.41466346153846156 0.03125 0.8293269230769231 0.0625
0 0.49759615384615385 0.44471153846153844 0.9951923076923077 0.6117788461538461
0 0.1814903846153846 0.12620192307692307 0.19951923076923078 0.039663461538461536
0 0.171875 0.6382211538461539 0.055288461538461536 0.12980769230769232
0 0.19230769230769232 0.5685096153846154 0.025240384615384616 0.07211538461538461
0 0.21995192307692307 0.6213942307692307 0.04326923076923077 0.1141826923076923
0 0.2439903846153846 0.6225961538461539 0.037259615384615384 0.10096153846153846
0 0.2692307692307692 0.6081730769230769 0.03125 0.0985576923076923
0 0.3016826923076923 0.6201923076923077 0.030048076923076924 0.09735576923076923
0 0.31009615384615385 0.5204326923076923 0.025240384615384616 0.04807692307692308
0 0.31490384615384615 0.5853365384615384 0.028846153846153848 0.0985576923076923
0 0.35697115384615385 0.13822115384615385 0.07572115384615384 0.0625
0 0.33413461538461536 0.5637019230769231 0.025240384615384616 0.11538461538461539
0 0.3641826923076923 0.41346153846153844 0.08413461538461539 0.1201923076923077
0 0.36899038461538464 0.5853365384615384 0.02403846153846154 0.1141826923076923
0 0.3942307692307692 0.5084134615384616 0.039663461538461536 0.04807692307692308
0 0.3954326923076923 0.5733173076923077 0.03125 0.10817307692307693
0 0.43990384615384615 0.5264423076923077 0.03365384615384615 0.11057692307692307
0 0.4723557692307692 0.5240384615384616 0.036057692307692304 0.09735576923076923
0 0.4831730769230769 0.484375 0.015625 0.06129807692307692
0 0.53125 0.4987980769230769 0.020432692307692308 0.09375
0 0.5576923076923077 0.4699519230769231 0.014423076923076924 0.055288461538461536
0 0.6153846153846154 0.47475961538461536 0.013221153846153846 0.051682692307692304
0 0.6286057692307693 0.4699519230769231 0.027644230769230768 0.08173076923076923
0 0.6478365384615384 0.4651442307692308 0.020432692307692308 0.07091346153846154
0 0.6694711538461539 0.4699519230769231 0.015625 0.07451923076923077
0 0.6850961538461539 0.45552884615384615 0.007211538461538462 0.07091346153846154
0 0.7091346153846154 0.6706730769230769 0.04567307692307692 0.13341346153846154
0 0.7704326923076923 0.6887019230769231 0.04807692307692308 0.09134615384615384
0 0.9098557692307693 0.9290865384615384 0.11658653846153846 0.12379807692307693
0 0.9338942307692307 0.59375 0.055288461538461536 0.08533653846153846
0 0.9723557692307693 0.5757211538461539 0.03245192307692308 0.06490384615384616
0 0.9771634615384616 0.9134615384615384 0.04326923076923077 0.09735576923076923