0 0.038461538461538464 0.71875 0.0673076923076923 0.2403846153846154
0 0.11057692307692307 0.6971153846153846 0.040865384615384616 0.15384615384615385
0 0.2704326923076923 0.5180288461538461 0.10336538461538461 0.1346153846153846
0 0.23918269230769232 0.7524038461538461 0.021634615384615384 0.07932692307692307
0 0.25841346153846156 0.7223557692307693 0.036057692307692304 0.13701923076923078
0 0.3016826923076923 0.7019230769230769 0.04567307692307692 0.16706730769230768
0 0.34615384615384615 0.7175480769230769 0.03365384615384615 0.12860576923076922
0 0.3942307692307692 0.7259615384615384 0.028846153846153848 0.14302884615384615
0 0.41586538461538464 0.7283653846153846 0.03245192307692308 0.14182692307692307
0 0.53125 0.7379807692307693 0.09254807692307693 0.11538461538461539
0 0.6105769230769231 0.8401442307692307 0.06850961538461539 0.1502403846153846
0 0.5961538461538461 0.7247596153846154 0.03485576923076923 0.09975961538461539
0 0.6334134615384616 0.8028846153846154 0.037259615384615384 0.11177884615384616
0 0.6346153846153846 0.7271634615384616 0.03125 0.055288461538461536
0 0.6610576923076923 0.890625 0.056490384615384616 0.14783653846153846
0 0.6682692307692307 0.7752403846153846 0.028846153846153848 0.042067307692307696
0 0.6802884615384616 0.7319711538461539 0.036057692307692304 0.12379807692307693
0 0.7163461538461539 0.8689903846153846 0.0829326923076923 0.12740384615384615
0 0.7800480769230769 0.7704326923076923 0.036057692307692304 0.04447115384615385
0 0.8774038461538461 0.7716346153846154 0.026442307692307692 0.03485576923076923
0 0.8858173076923077 0.765625 0.018028846153846152 0.028846153846153848
0 0.9579326923076923 0.7608173076923077 0.02403846153846154 0.04567307692307692
0 0.9867788461538461 0.7668269230769231 0.013221153846153846 0.02403846153846154