0 0.020432692307692308 0.38461538461538464 0.040865384615384616 0.14543269230769232
0 0.08774038461538461 0.35697115384615385 0.018028846153846152 0.10096153846153846
0 0.16346153846153846 0.375 0.03125 0.13341346153846154
0 0.19951923076923078 0.43990384615384615 0.040865384615384616 0.1814903846153846
0 0.24158653846153846 0.43509615384615385 0.04927884615384615 0.17908653846153846
0 0.2980769230769231 0.4206730769230769 0.05048076923076923 0.15384615384615385
0 0.3545673076923077 0.390625 0.06850961538461539 0.14783653846153846
0 0.4579326923076923 0.40024038461538464 0.025240384615384616 0.12139423076923077
0 0.5288461538461539 0.4026442307692308 0.06971153846153846 0.11778846153846154
0 0.5492788461538461 0.39302884615384615 0.027644230769230768 0.09495192307692307
0 0.6730769230769231 0.39903846153846156 0.018028846153846152 0.078125