0 0.36538461538461536 0.5492788461538461 0.06370192307692307 0.2800480769230769
0 0.1141826923076923 0.5649038461538461 0.04326923076923077 0.33533653846153844
0 0.20793269230769232 0.5745192307692307 0.07572115384615384 0.33052884615384615
0 0.24879807692307693 0.5552884615384616 0.06490384615384616 0.3269230769230769
0 0.3004807692307692 0.5661057692307693 0.056490384615384616 0.26322115384615385
0 0.41947115384615385 0.5480769230769231 0.05889423076923077 0.2620192307692308
0 0.46274038461538464 0.546875 0.06971153846153846 0.265625
0 0.5132211538461539 0.5516826923076923 0.056490384615384616 0.25961538461538464
0 0.5480769230769231 0.5372596153846154 0.04326923076923077 0.2548076923076923
0 0.5865384615384616 0.5420673076923077 0.06370192307692307 0.24519230769230768
0 0.6129807692307693 0.5348557692307693 0.037259615384615384 0.21995192307692307