0 0.019230769230769232 0.6033653846153846 0.038461538461538464 0.1346153846153846
0 0.109375 0.47115384615384615 0.10817307692307693 0.1141826923076923
0 0.234375 0.9086538461538461 0.11298076923076923 0.125
0 0.22716346153846154 0.3076923076923077 0.055288461538461536 0.09495192307692307
0 0.3545673076923077 0.7872596153846154 0.038461538461538464 0.07451923076923077
0 0.48677884615384615 0.5985576923076923 0.055288461538461536 0.10336538461538461
0 0.6057692307692307 0.18870192307692307 0.11899038461538461 0.1466346153846154
0 0.6081730769230769 0.4675480769230769 0.12620192307692307 0.12259615384615384
0 0.6274038461538461 0.7427884615384616 0.11177884615384616 0.15985576923076922
0 0.7367788461538461 0.6105769230769231 0.11177884615384616 0.12860576923076922
0 0.7560096153846154 0.875 0.08653846153846154 0.1346153846153846
0 0.8533653846153846 0.7379807692307693 0.12259615384615384 0.13221153846153846
0 0.9543269230769231 0.59375 0.08653846153846154 0.13942307692307693