0 0.3076923076923077 0.7668269230769231 0.12259615384615384 0.27884615384615385
0 0.3269230769230769 0.5901442307692307 0.02403846153846154 0.040865384615384616
0 0.39903846153846156 0.5733173076923077 0.03125 0.11057692307692307
0 0.4411057692307692 0.5637019230769231 0.02283653846153846 0.08653846153846154
0 0.4795673076923077 0.5733173076923077 0.020432692307692308 0.052884615384615384
0 0.49399038461538464 0.5757211538461539 0.019230769230769232 0.046875
0 0.5324519230769231 0.6129807692307693 0.042067307692307696 0.13942307692307693
0 0.6334134615384616 0.5997596153846154 0.028846153846153848 0.14182692307692307
0 0.6574519230769231 0.5841346153846154 0.038461538461538464 0.1045673076923077
0 0.7920673076923077 0.5637019230769231 0.028846153846153848 0.040865384615384616
0 0.8641826923076923 0.6081730769230769 0.04447115384615385 0.14182692307692307
0 0.890625 0.5673076923076923 0.020432692307692308 0.06370192307692307
0 0.9819711538461539 0.5576923076923077 0.02403846153846154 0.054086538461538464