0 0.014423076923076924 0.5492788461538461 0.028846153846153848 0.13701923076923078
0 0.32572115384615385 0.5072115384615384 0.15504807692307693 0.04567307692307692
0 0.36778846153846156 0.5168269230769231 0.007211538461538462 0.042067307692307696
0 0.41947115384615385 0.4987980769230769 0.007211538461538462 0.019230769230769232
0 0.44471153846153844 0.5108173076923077 0.008413461538461538 0.026442307692307692
0 0.45913461538461536 0.5072115384615384 0.007211538461538462 0.030048076923076924
0 0.47836538461538464 0.5324519230769231 0.010817307692307692 0.054086538461538464
0 0.4951923076923077 0.5372596153846154 0.009615384615384616 0.054086538461538464
0 0.5336538461538461 0.5240384615384616 0.06009615384615385 0.08533653846153846
0 0.5721153846153846 0.53125 0.016826923076923076 0.0625
0 0.578125 0.5300480769230769 0.007211538461538462 0.04807692307692308
0 0.59375 0.5384615384615384 0.028846153846153848 0.09014423076923077
0 0.6274038461538461 0.5168269230769231 0.056490384615384616 0.057692307692307696
0 0.6105769230769231 0.5456730769230769 0.019230769230769232 0.07692307692307693
0 0.6610576923076923 0.5384615384615384 0.01201923076923077 0.04807692307692308
0 0.6983173076923077 0.5420673076923077 0.007211538461538462 0.04326923076923077
0 0.7055288461538461 0.5420673076923077 0.01201923076923077 0.05048076923076923
0 0.7463942307692307 0.5288461538461539 0.008413461538461538 0.03245192307692308
0 0.7524038461538461 0.5252403846153846 0.007211538461538462 0.03485576923076923
0 0.7704326923076923 0.5336538461538461 0.009615384615384616 0.04326923076923077
0 0.7776442307692307 0.5300480769230769 0.009615384615384616 0.04567307692307692
0 0.8125 0.5228365384615384 0.007211538461538462 0.02403846153846154
0 0.8197115384615384 0.5240384615384616 0.006009615384615385 0.03125
0 0.859375 0.5444711538461539 0.01201923076923077 0.05889423076923077
0 0.8882211538461539 0.5360576923076923 0.020432692307692308 0.06610576923076923
0 0.9194711538461539 0.5228365384615384 0.015625 0.05048076923076923
0 0.9807692307692307 0.5324519230769231 0.037259615384615384 0.042067307692307696