0 0.1045673076923077 0.04326923076923077 0.19951923076923078 0.08653846153846154
0 0.09134615384615384 0.2127403846153846 0.052884615384615384 0.036057692307692304
0 0.17427884615384615 0.2091346153846154 0.054086538461538464 0.026442307692307692
0 0.3088942307692308 0.4987980769230769 0.2824519230769231 0.7379807692307693
0 0.22235576923076922 0.26322115384615385 0.04927884615384615 0.2800480769230769
0 0.47596153846153844 0.5336538461538461 0.32091346153846156 0.6057692307692307
0 0.35216346153846156 0.02283653846153846 0.0625 0.04567307692307692
0 0.38822115384615385 0.328125 0.12740384615384615 0.4963942307692308
0 0.4074519230769231 0.04447115384615385 0.040865384615384616 0.052884615384615384
0 0.48677884615384615 0.027644230769230768 0.056490384615384616 0.04807692307692308
0 0.4963942307692308 0.16706730769230768 0.03365384615384615 0.0889423076923077
0 0.5324519230769231 0.2848557692307692 0.10336538461538461 0.39663461538461536
0 0.5805288461538461 0.07211538461538461 0.027644230769230768 0.055288461538461536
0 0.9086538461538461 0.03245192307692308 0.057692307692307696 0.051682692307692304