0 0.0889423076923077 0.84375 0.17668269230769232 0.3112980769230769
0 0.1971153846153846 0.8858173076923077 0.054086538461538464 0.22716346153846154
0 0.22956730769230768 0.9603365384615384 0.055288461538461536 0.07451923076923077
0 0.27403846153846156 0.8834134615384616 0.04807692307692308 0.23076923076923078
0 0.37259615384615385 0.8425480769230769 0.03365384615384615 0.18269230769230768
0 0.39302884615384615 0.8173076923076923 0.03245192307692308 0.16105769230769232
0 0.5576923076923077 0.8581730769230769 0.28846153846153844 0.28125
0 0.765625 0.875 0.09254807692307693 0.24879807692307693
0 0.7403846153846154 0.875 0.03485576923076923 0.24879807692307693
0 0.8341346153846154 0.8713942307692307 0.05889423076923077 0.2548076923076923
0 0.8365384615384616 0.8954326923076923 0.052884615384615384 0.19951923076923078
0 0.8822115384615384 0.9038461538461539 0.09975961538461539 0.18870192307692307
0 0.8689903846153846 0.7884615384615384 0.027644230769230768 0.07932692307692307
0 0.9615384615384616 0.8653846153846154 0.07211538461538461 0.2692307692307692