0 0.9411057692307693 0.7848557692307693 0.09375 0.3317307692307692
0 0.1778846153846154 0.5925480769230769 0.3557692307692308 0.23918269230769232
0 0.030048076923076924 0.4879807692307692 0.025240384615384616 0.09735576923076923
0 0.038461538461538464 0.4338942307692308 0.02283653846153846 0.0733173076923077
0 0.17307692307692307 0.39903846153846156 0.1971153846153846 0.056490384615384616
0 0.390625 0.4026442307692308 0.10336538461538461 0.08533653846153846
0 0.4807692307692308 0.6045673076923077 0.2439903846153846 0.2620192307692308
0 0.47716346153846156 0.9338942307692307 0.10817307692307693 0.12740384615384615
0 0.5096153846153846 0.9567307692307693 0.11298076923076923 0.0829326923076923
0 0.5841346153846154 0.39302884615384615 0.2536057692307692 0.08173076923076923
0 0.6225961538461539 0.5853365384615384 0.04567307692307692 0.16706730769230768
0 0.6634615384615384 0.5889423076923077 0.040865384615384616 0.1814903846153846
0 0.7007211538461539 0.9290865384615384 0.1141826923076923 0.13701923076923078
0 0.6634615384615384 0.5132211538461539 0.036057692307692304 0.09735576923076923
0 0.7403846153846154 0.5829326923076923 0.109375 0.2620192307692308
0 0.8485576923076923 0.9399038461538461 0.19951923076923078 0.11658653846153846
0 0.7620192307692307 0.38822115384615385 0.015625 0.056490384615384616
0 0.9002403846153846 0.6081730769230769 0.1971153846153846 0.33774038461538464