0 0.43028846153846156 0.24879807692307693 0.10697115384615384 0.18028846153846154
0 0.17908653846153846 0.8221153846153846 0.17427884615384615 0.25961538461538464
0 0.20552884615384615 0.25721153846153844 0.15264423076923078 0.1814903846153846
0 0.24759615384615385 0.7235576923076923 0.22956730769230768 0.3737980769230769
0 0.546875 0.23317307692307693 0.0733173076923077 0.22716346153846154
0 0.5829326923076923 0.7331730769230769 0.14543269230769232 0.21875
0 0.5649038461538461 0.5997596153846154 0.109375 0.18389423076923078
0 0.6201923076923077 0.2536057692307692 0.14543269230769232 0.18629807692307693
0 0.7115384615384616 0.5877403846153846 0.12740384615384615 0.1935096153846154
0 0.8473557692307693 0.8209134615384616 0.30408653846153844 0.3557692307692308
0 0.8629807692307693 0.2800480769230769 0.1045673076923077 0.12740384615384615