0 0.025240384615384616 0.7536057692307693 0.05048076923076923 0.34975961538461536
0 0.17427884615384615 0.6346153846153846 0.037259615384615384 0.10096153846153846
0 0.30649038461538464 0.6225961538461539 0.06370192307692307 0.08774038461538461
0 0.31850961538461536 0.6141826923076923 0.039663461538461536 0.03365384615384615
0 0.328125 0.6057692307692307 0.03245192307692308 0.0673076923076923
0 0.3605769230769231 0.5985576923076923 0.038461538461538464 0.0889423076923077
0 0.39903846153846156 0.5925480769230769 0.015625 0.03485576923076923
0 0.4362980769230769 0.5901442307692307 0.016826923076923076 0.03125
0 0.4519230769230769 0.6358173076923077 0.040865384615384616 0.08653846153846154
0 0.4951923076923077 0.6911057692307693 0.07692307692307693 0.19110576923076922
0 0.47716346153846156 0.6105769230769231 0.03365384615384615 0.057692307692307696
0 0.4723557692307692 0.5889423076923077 0.014423076923076924 0.03125
0 0.4831730769230769 0.5649038461538461 0.028846153846153848 0.04927884615384615
0 0.5192307692307693 0.6069711538461539 0.04447115384615385 0.12860576923076922
0 0.5709134615384616 0.6009615384615384 0.02403846153846154 0.04927884615384615
0 0.5829326923076923 0.6189903846153846 0.014423076923076924 0.052884615384615384
0 0.8329326923076923 0.6057692307692307 0.051682692307692304 0.14423076923076922