0 0.4338942307692308 0.33052884615384615 0.14182692307692307 0.26802884615384615
0 0.12860576923076922 0.8461538461538461 0.19951923076923078 0.24879807692307693
0 0.20793269230769232 0.5528846153846154 0.14903846153846154 0.09254807692307693
0 0.203125 0.6334134615384616 0.11899038461538461 0.05048076923076923
0 0.27163461538461536 0.3329326923076923 0.13221153846153846 0.1875
0 0.3329326923076923 0.8762019230769231 0.17307692307692307 0.16706730769230768
0 0.3557692307692308 0.5504807692307693 0.12740384615384615 0.08533653846153846
0 0.5072115384615384 0.6382211538461539 0.13221153846153846 0.054086538461538464
0 0.4879807692307692 0.8834134615384616 0.06370192307692307 0.10096153846153846
0 0.5228365384615384 0.546875 0.09495192307692307 0.08173076923076923
0 0.5769230769230769 0.8557692307692307 0.08774038461538461 0.06850961538461539
0 0.5901442307692307 0.9302884615384616 0.10096153846153846 0.055288461538461536
0 0.7271634615384616 0.9254807692307693 0.15384615384615385 0.0673076923076923
0 0.8076923076923077 0.9134615384615384 0.16947115384615385 0.078125