0 0.018028846153846152 0.32211538461538464 0.036057692307692304 0.04807692307692308
0 0.03485576923076923 0.3317307692307692 0.038461538461538464 0.019230769230769232
0 0.06490384615384616 0.3329326923076923 0.07932692307692307 0.03245192307692308
0 0.08774038461538461 0.390625 0.12139423076923077 0.06129807692307692
0 0.05889423076923077 0.46274038461538464 0.051682692307692304 0.04567307692307692
0 0.09254807692307693 0.3016826923076923 0.051682692307692304 0.027644230769230768
0 0.1310096153846154 0.3389423076923077 0.051682692307692304 0.06129807692307692
0 0.19591346153846154 0.328125 0.06370192307692307 0.040865384615384616
0 0.27884615384615385 0.6274038461538461 0.12139423076923077 0.11177884615384616
0 0.2668269230769231 0.30408653846153844 0.055288461538461536 0.02283653846153846
0 0.30408653846153844 0.3389423076923077 0.11177884615384616 0.03365384615384615
0 0.33533653846153844 0.5240384615384616 0.09975961538461539 0.08052884615384616
0 0.4206730769230769 0.6706730769230769 0.234375 0.13822115384615385
0 0.4074519230769231 0.3245192307692308 0.07572115384615384 0.04927884615384615
0 0.4639423076923077 0.4026442307692308 0.0733173076923077 0.038461538461538464
0 0.4639423076923077 0.3076923076923077 0.03365384615384615 0.021634615384615384
0 0.5456730769230769 0.4963942307692308 0.17427884615384615 0.07692307692307693
0 0.5276442307692307 0.3425480769230769 0.09375 0.03365384615384615
0 0.6177884615384616 0.31971153846153844 0.02403846153846154 0.02403846153846154
0 0.6514423076923077 0.5300480769230769 0.07932692307692307 0.06129807692307692
0 0.6646634615384616 0.3137019230769231 0.03365384615384615 0.021634615384615384
0 0.6826923076923077 0.42788461538461536 0.06129807692307692 0.038461538461538464
0 0.7439903846153846 0.5949519230769231 0.10336538461538461 0.10096153846153846
0 0.8004807692307693 0.44711538461538464 0.0673076923076923 0.05889423076923077