0 0.4807692307692308 0.5913461538461539 0.10576923076923077 0.23918269230769232
0 0.020432692307692308 0.6899038461538461 0.040865384615384616 0.13341346153846154
0 0.08052884615384616 0.8689903846153846 0.15985576923076922 0.2608173076923077
0 0.17668269230769232 0.5865384615384616 0.06971153846153846 0.2512019230769231
0 0.20192307692307693 0.7175480769230769 0.1141826923076923 0.26322115384615385
0 0.2848557692307692 0.8100961538461539 0.13221153846153846 0.25240384615384615
0 0.33052884615384615 0.5600961538461539 0.08774038461538461 0.15264423076923078
0 0.38221153846153844 0.8990384615384616 0.12379807692307693 0.19951923076923078
0 0.7235576923076923 0.7391826923076923 0.0829326923076923 0.18389423076923078
0 0.8389423076923077 0.9423076923076923 0.14302884615384615 0.11298076923076923
0 0.9387019230769231 0.8641826923076923 0.11778846153846154 0.2668269230769231