0 0.9326923076923077 0.5480769230769231 0.052884615384615384 0.26322115384615385
0 0.16706730769230768 0.5288461538461539 0.046875 0.15144230769230768
0 0.1658653846153846 0.5012019230769231 0.03245192307692308 0.05048076923076923
0 0.19591346153846154 0.49759615384615385 0.040865384615384616 0.06610576923076923
0 0.21634615384615385 0.5036057692307693 0.038461538461538464 0.0625
0 0.26802884615384615 0.5552884615384616 0.056490384615384616 0.19831730769230768
0 0.33774038461538464 0.5444711538461539 0.08173076923076923 0.22355769230769232
0 0.4567307692307692 0.5709134615384616 0.06490384615384616 0.25
0 0.6418269230769231 0.5913461538461539 0.09615384615384616 0.30649038461538464
0 0.7596153846153846 0.6081730769230769 0.13341346153846154 0.35096153846153844
0 0.8822115384615384 0.47115384615384615 0.020432692307692308 0.030048076923076924