0 0.021634615384615384 0.5685096153846154 0.04326923076923077 0.24519230769230768
0 0.027644230769230768 0.7560096153846154 0.055288461538461536 0.18629807692307693
0 0.06009615384615385 0.4963942307692308 0.040865384615384616 0.16706730769230768
0 0.08173076923076923 0.5336538461538461 0.06490384615384616 0.203125
0 0.1045673076923077 0.4411057692307692 0.021634615384615384 0.037259615384615384
0 0.1141826923076923 0.53125 0.03485576923076923 0.19110576923076922
0 0.14543269230769232 0.5348557692307693 0.042067307692307696 0.18028846153846154
0 0.1875 0.5276442307692307 0.04567307692307692 0.17427884615384615
0 0.21634615384615385 0.4651442307692308 0.028846153846153848 0.055288461538461536
0 0.23798076923076922 0.5264423076923077 0.052884615384615384 0.1814903846153846
0 0.23557692307692307 0.44591346153846156 0.018028846153846152 0.04567307692307692
0 0.25961538461538464 0.4483173076923077 0.01201923076923077 0.03125
0 0.2800480769230769 0.47115384615384615 0.03365384615384615 0.08413461538461539
0 0.30649038461538464 0.45552884615384615 0.014423076923076924 0.04567307692307692
0 0.3173076923076923 0.4519230769230769 0.013221153846153846 0.03245192307692308
0 0.36899038461538464 0.7908653846153846 0.007211538461538462 0.03245192307692308
0 0.3737980769230769 0.7800480769230769 0.016826923076923076 0.06610576923076923
0 0.38822115384615385 0.7836538461538461 0.020432692307692308 0.06610576923076923
0 0.46274038461538464 0.7836538461538461 0.020432692307692308 0.0673076923076923