0 0.014423076923076924 0.7692307692307693 0.028846153846153848 0.12620192307692307
0 0.003605769230769231 0.6634615384615384 0.006009615384615385 0.04927884615384615
0 0.019230769230769232 0.6622596153846154 0.009615384615384616 0.05889423076923077
0 0.03485576923076923 0.6610576923076923 0.015625 0.054086538461538464
0 0.10096153846153846 0.8641826923076923 0.11177884615384616 0.2644230769230769
0 0.15144230769230768 0.6634615384615384 0.010817307692307692 0.04927884615384615
0 0.27403846153846156 0.7692307692307693 0.021634615384615384 0.0673076923076923
0 0.3112980769230769 0.7776442307692307 0.04927884615384615 0.14302884615384615
0 0.4074519230769231 0.796875 0.07932692307692307 0.16105769230769232
0 0.421875 0.7596153846153846 0.038461538461538464 0.11778846153846154
0 0.7139423076923077 0.7451923076923077 0.453125 0.36899038461538464