0 0.04447115384615385 0.9254807692307693 0.04927884615384615 0.1045673076923077
0 0.21514423076923078 0.7331730769230769 0.27884615384615385 0.13221153846153846
0 0.12379807692307693 0.9567307692307693 0.07572115384615384 0.08413461538461539
0 0.3605769230769231 0.9459134615384616 0.02403846153846154 0.0733173076923077
0 0.43509615384615385 0.9483173076923077 0.03245192307692308 0.10096153846153846
0 0.5144230769230769 0.5877403846153846 0.19110576923076922 0.3389423076923077
0 0.46634615384615385 0.9555288461538461 0.02283653846153846 0.08774038461538461
0 0.4951923076923077 0.9519230769230769 0.016826923076923076 0.09254807692307693
0 0.5096153846153846 0.9519230769230769 0.014423076923076924 0.09495192307692307
0 0.6658653846153846 0.9495192307692307 0.02283653846153846 0.0985576923076923
0 0.7644230769230769 0.9435096153846154 0.02283653846153846 0.08653846153846154
0 0.8401442307692307 0.9242788461538461 0.018028846153846152 0.05889423076923077
0 0.8677884615384616 0.9122596153846154 0.028846153846153848 0.038461538461538464