0 0.027644230769230768 0.47115384615384615 0.055288461538461536 0.052884615384615384
0 0.109375 0.5588942307692307 0.19831730769230768 0.13822115384615385
0 0.10817307692307693 0.45552884615384615 0.09254807692307693 0.04807692307692308
0 0.23197115384615385 0.484375 0.09735576923076923 0.13701923076923078
0 0.2127403846153846 0.6225961538461539 0.039663461538461536 0.12139423076923077
0 0.3088942307692308 0.49759615384615385 0.020432692307692308 0.05889423076923077
0 0.3713942307692308 0.3125 0.030048076923076924 0.025240384615384616
0 0.4338942307692308 0.5552884615384616 0.025240384615384616 0.09615384615384616
0 0.45072115384615385 0.31490384615384615 0.030048076923076924 0.03125
0 0.5024038461538461 0.3233173076923077 0.038461538461538464 0.03365384615384615
0 0.5324519230769231 0.4074519230769231 0.10096153846153846 0.06850961538461539
0 0.5144230769230769 0.6189903846153846 0.03245192307692308 0.07211538461538461
0 0.5216346153846154 0.6850961538461539 0.039663461538461536 0.12740384615384615
0 0.5492788461538461 0.5961538461538461 0.03365384615384615 0.052884615384615384
0 0.5913461538461539 0.7379807692307693 0.10096153846153846 0.15144230769230768
0 0.5576923076923077 0.3317307692307692 0.03245192307692308 0.03485576923076923
0 0.5709134615384616 0.9158653846153846 0.03485576923076923 0.16706730769230768
0 0.5925480769230769 0.5492788461538461 0.02283653846153846 0.0889423076923077
0 0.6081730769230769 0.90625 0.04326923076923077 0.18629807692307693
0 0.6141826923076923 0.5276442307692307 0.03245192307692308 0.09495192307692307
0 0.6225961538461539 0.33413461538461536 0.018028846153846152 0.03365384615384615
0 0.6550480769230769 0.7247596153846154 0.07692307692307693 0.1622596153846154
0 0.6622596153846154 0.5733173076923077 0.08533653846153846 0.13701923076923078
0 0.6334134615384616 0.5168269230769231 0.020432692307692308 0.07932692307692307
0 0.6826923076923077 0.9423076923076923 0.10096153846153846 0.09014423076923077
0 0.6742788461538461 0.8088942307692307 0.06610576923076923 0.11057692307692307
0 0.6923076923076923 0.33413461538461536 0.06370192307692307 0.039663461538461536
0 0.7103365384615384 0.8329326923076923 0.054086538461538464 0.11538461538461539
0 0.734375 0.640625 0.08774038461538461 0.13942307692307693
0 0.7427884615384616 0.7163461538461539 0.039663461538461536 0.15144230769230768
0 0.7824519230769231 0.7716346153846154 0.06129807692307692 0.09615384615384616
0 0.8028846153846154 0.6358173076923077 0.039663461538461536 0.12860576923076922
0 0.8509615384615384 0.4254807692307692 0.11177884615384616 0.20192307692307693
0 0.84375 0.6959134615384616 0.04447115384615385 0.17307692307692307
0 0.8774038461538461 0.7992788461538461 0.0829326923076923 0.11057692307692307
0 0.9002403846153846 0.7127403846153846 0.10336538461538461 0.09975961538461539
0 0.8990384615384616 0.609375 0.06370192307692307 0.12259615384615384
0 0.9230769230769231 0.5528846153846154 0.07932692307692307 0.09975961538461539