0 0.22956730769230768 0.5492788461538461 0.35336538461538464 0.71875
0 0.12860576923076922 0.3737980769230769 0.08413461538461539 0.22235576923076922
0 0.3870192307692308 0.42908653846153844 0.0829326923076923 0.22115384615384615
0 0.38461538461538464 0.43149038461538464 0.07451923076923077 0.1622596153846154
0 0.5456730769230769 0.4182692307692308 0.25 0.7079326923076923
0 0.6334134615384616 0.3473557692307692 0.10216346153846154 0.3329326923076923
0 0.6911057692307693 0.39783653846153844 0.09495192307692307 0.4495192307692308
0 0.7427884615384616 0.2824519230769231 0.054086538461538464 0.13942307692307693
0 0.7692307692307693 0.3641826923076923 0.051682692307692304 0.2704326923076923
0 0.8197115384615384 0.4411057692307692 0.11538461538461539 0.3918269230769231
0 0.8846153846153846 0.5300480769230769 0.22716346153846154 0.9350961538461539