0 0.3125 0.8834134615384616 0.056490384615384616 0.1814903846153846
0 0.07932692307692307 0.8233173076923077 0.04927884615384615 0.15625
0 0.14903846153846154 0.8088942307692307 0.052884615384615384 0.16346153846153846
0 0.21153846153846154 0.8052884615384616 0.05048076923076923 0.16706730769230768
0 0.28125 0.7524038461538461 0.04567307692307692 0.07091346153846154
0 0.3329326923076923 0.7620192307692307 0.04567307692307692 0.08413461538461539
0 0.3942307692307692 0.7932692307692307 0.05889423076923077 0.171875
0 0.4362980769230769 0.8329326923076923 0.021634615384615384 0.15625
0 0.46634615384615385 0.7884615384615384 0.07091346153846154 0.15985576923076922
0 0.5120192307692307 0.828125 0.038461538461538464 0.15745192307692307
0 0.5492788461538461 0.7920673076923077 0.0625 0.1658653846153846
0 0.5384615384615384 0.6646634615384616 0.040865384615384616 0.0733173076923077
0 0.6057692307692307 0.7836538461538461 0.04567307692307692 0.15625
0 0.6490384615384616 0.8221153846153846 0.038461538461538464 0.13942307692307693
0 0.703125 0.7872596153846154 0.0733173076923077 0.15144230769230768
0 0.7584134615384616 0.7800480769230769 0.06129807692307692 0.15384615384615385
0 0.8245192307692307 0.7836538461538461 0.06971153846153846 0.16826923076923078
0 0.8966346153846154 0.7740384615384616 0.06971153846153846 0.14783653846153846
0 0.9411057692307693 0.796875 0.030048076923076924 0.15985576923076922