0 0.6322115384615384 0.3016826923076923 0.06490384615384616 0.2536057692307692
0 0.01201923076923077 0.45552884615384615 0.02403846153846154 0.09375
0 0.4987980769230769 0.07572115384615384 0.9975961538461539 0.15144230769230768
0 0.125 0.11899038461538461 0.03365384615384615 0.15985576923076922
0 0.14423076923076922 0.3954326923076923 0.05889423076923077 0.11899038461538461
0 0.16826923076923078 0.11778846153846154 0.055288461538461536 0.16826923076923078
0 0.18509615384615385 0.38221153846153844 0.07572115384615384 0.10336538461538461
0 0.20552884615384615 0.10697115384615384 0.04447115384615385 0.171875
0 0.328125 0.11538461538461539 0.04326923076923077 0.1502403846153846
0 0.36778846153846156 0.12139423076923077 0.03125 0.1346153846153846
0 0.3798076923076923 0.11899038461538461 0.025240384615384616 0.13822115384615385
0 0.4326923076923077 0.15144230769230768 0.018028846153846152 0.07451923076923077
0 0.453125 0.1141826923076923 0.03245192307692308 0.14182692307692307
0 0.49399038461538464 0.12740384615384615 0.036057692307692304 0.16346153846153846
0 0.53125 0.328125 0.06009615384615385 0.2403846153846154
0 0.640625 0.15625 0.03245192307692308 0.08413461538461539
0 0.6730769230769231 0.12980769230769232 0.04326923076923077 0.15865384615384615
0 0.7692307692307693 0.13581730769230768 0.040865384615384616 0.17548076923076922
0 0.8725961538461539 0.07091346153846154 0.013221153846153846 0.06610576923076923
0 0.8894230769230769 0.07211538461538461 0.014423076923076924 0.04927884615384615
0 0.8942307692307693 0.11538461538461539 0.02403846153846154 0.037259615384615384
0 0.9170673076923077 0.10697115384615384 0.030048076923076924 0.06850961538461539
0 0.9519230769230769 0.1141826923076923 0.020432692307692308 0.04567307692307692
0 0.9735576923076923 0.30649038461538464 0.04927884615384615 0.17427884615384615
0 0.9783653846153846 0.1310096153846154 0.016826923076923076 0.04927884615384615