0 0.6790865384615384 0.43028846153846156 0.11899038461538461 0.7163461538461539
0 0.04326923076923077 0.37259615384615385 0.08653846153846154 0.6322115384615384
0 0.18629807692307693 0.4567307692307692 0.15264423076923078 0.8137019230769231
0 0.3329326923076923 0.5360576923076923 0.29447115384615385 0.9254807692307693
0 0.2439903846153846 0.28725961538461536 0.04447115384615385 0.18990384615384615
0 0.28125 0.24879807692307693 0.037259615384615384 0.10336538461538461
0 0.3233173076923077 0.23076923076923078 0.03245192307692308 0.03365384615384615
0 0.5120192307692307 0.47115384615384615 0.1622596153846154 0.5841346153846154
0 0.5925480769230769 0.2620192307692308 0.06009615384615385 0.3161057692307692
0 0.75 0.2860576923076923 0.07932692307692307 0.17067307692307693
0 0.8918269230769231 0.4579326923076923 0.20432692307692307 0.7091346153846154