0 0.8004807692307693 0.2403846153846154 0.09254807692307693 0.19471153846153846
0 0.04447115384615385 0.7175480769230769 0.0889423076923077 0.5649038461538461
0 0.03365384615384615 0.3293269230769231 0.054086538461538464 0.22355769230769232
0 0.265625 0.59375 0.4579326923076923 0.8088942307692307
0 0.19471153846153846 0.3137019230769231 0.0733173076923077 0.20793269230769232
0 0.24759615384615385 0.25961538461538464 0.04567307692307692 0.140625
0 0.28365384615384615 0.37740384615384615 0.09975961538461539 0.37740384615384615
0 0.25600961538461536 0.28365384615384615 0.036057692307692304 0.1971153846153846
0 0.47836538461538464 0.5925480769230769 0.3786057692307692 0.7992788461538461
0 0.40625 0.2848557692307692 0.05889423076923077 0.16947115384615385
0 0.6225961538461539 0.5324519230769231 0.41586538461538464 0.7800480769230769
0 0.5348557692307693 0.2800480769230769 0.08052884615384616 0.22596153846153846
0 0.5504807692307693 0.2403846153846154 0.04927884615384615 0.11778846153846154
0 0.6778846153846154 0.45913461538461536 0.22115384615384615 0.5685096153846154
0 0.6213942307692307 0.17427884615384615 0.03245192307692308 0.021634615384615384
0 0.6682692307692307 0.203125 0.037259615384615384 0.09495192307692307
0 0.6983173076923077 0.2848557692307692 0.09134615384615384 0.25
0 0.7716346153846154 0.19230769230769232 0.03125 0.054086538461538464
0 0.8810096153846154 0.30408653846153844 0.10817307692307693 0.3317307692307692