0 0.7091346153846154 0.9350961538461539 0.052884615384615384 0.12139423076923077
0 0.33653846153846156 0.8978365384615384 0.5793269230769231 0.19591346153846154
0 0.3798076923076923 0.9735576923076923 0.025240384615384616 0.04807692307692308
0 0.421875 0.9591346153846154 0.057692307692307696 0.0733173076923077
0 0.484375 0.9543269230769231 0.054086538461538464 0.08774038461538461
0 0.5144230769230769 0.9519230769230769 0.04447115384615385 0.09254807692307693
0 0.5600961538461539 0.9447115384615384 0.04326923076923077 0.10697115384615384
0 0.5865384615384616 0.9507211538461539 0.0625 0.09375
0 0.6514423076923077 0.9495192307692307 0.06009615384615385 0.0985576923076923
0 0.7596153846153846 0.9579326923076923 0.06850961538461539 0.08052884615384616
0 0.859375 0.9387019230769231 0.12740384615384615 0.1201923076923077