0 0.10336538461538461 0.4987980769230769 0.14302884615384615 0.6394230769230769
0 0.20192307692307693 0.23918269230769232 0.13942307692307693 0.23317307692307693
0 0.21033653846153846 0.4795673076923077 0.10817307692307693 0.5444711538461539
0 0.2824519230769231 0.7007211538461539 0.18509615384615385 0.34975961538461536
0 0.29086538461538464 0.40384615384615385 0.09615384615384616 0.3954326923076923
0 0.3942307692307692 0.5528846153846154 0.16947115384615385 0.48197115384615385
0 0.359375 0.35697115384615385 0.08173076923076923 0.23677884615384615
0 0.37259615384615385 0.20552884615384615 0.05048076923076923 0.051682692307692304
0 0.44591346153846156 0.2932692307692308 0.10697115384615384 0.3076923076923077
0 0.5108173076923077 0.5576923076923077 0.1466346153846154 0.4699519230769231
0 0.5444711538461539 0.33653846153846156 0.09735576923076923 0.25600961538461536
0 0.6298076923076923 0.3485576923076923 0.08774038461538461 0.2548076923076923
0 0.6947115384615384 0.6526442307692307 0.15625 0.3798076923076923
0 0.7007211538461539 0.38341346153846156 0.10576923076923077 0.3485576923076923
0 0.7764423076923077 0.4891826923076923 0.08173076923076923 0.5588942307692307
0 0.8461538461538461 0.4206730769230769 0.11298076923076923 0.4519230769230769