0 0.15745192307692307 0.5336538461538461 0.055288461538461536 0.18028846153846154
0 0.22596153846153846 0.5612980769230769 0.054086538461538464 0.22596153846153846
0 0.32572115384615385 0.578125 0.056490384615384616 0.2608173076923077
0 0.3485576923076923 0.5829326923076923 0.03125 0.20432692307692307
0 0.4110576923076923 0.5793269230769231 0.06009615384615385 0.24278846153846154
0 0.45072115384615385 0.5805288461538461 0.04447115384615385 0.20793269230769232
0 0.5264423076923077 0.578125 0.06610576923076923 0.22235576923076922
0 0.5805288461538461 0.5877403846153846 0.06129807692307692 0.22956730769230768
0 0.6454326923076923 0.5841346153846154 0.06009615384615385 0.23557692307692307
0 0.7115384615384616 0.5769230769230769 0.057692307692307696 0.2548076923076923
0 0.7944711538461539 0.5733173076923077 0.03485576923076923 0.27403846153846156