0 0.06850961538461539 0.5612980769230769 0.13701923076923078 0.2091346153846154
0 0.16826923076923078 0.6598557692307693 0.3269230769230769 0.6778846153846154
0 0.0829326923076923 0.5168269230769231 0.07932692307692307 0.11057692307692307
0 0.34615384615384615 0.4543269230769231 0.051682692307692304 0.07091346153846154
0 0.41225961538461536 0.4495192307692308 0.04567307692307692 0.07692307692307693
0 0.5132211538461539 0.44711538461538464 0.036057692307692304 0.0673076923076923
0 0.5685096153846154 0.53125 0.07692307692307693 0.22115384615384615
0 0.6225961538461539 0.47475961538461536 0.05048076923076923 0.07451923076923077
0 0.6814903846153846 0.46153846153846156 0.0625 0.08173076923076923
0 0.8629807692307693 0.6550480769230769 0.13701923076923078 0.38221153846153844
0 0.9182692307692307 0.39783653846153844 0.06971153846153846 0.12259615384615384