0 0.0889423076923077 0.41466346153846156 0.05889423076923077 0.08774038461538461
0 0.14302884615384615 0.7259615384615384 0.109375 0.10096153846153846
0 0.21754807692307693 0.4110576923076923 0.06610576923076923 0.07451923076923077
0 0.21634615384615385 0.9735576923076923 0.05889423076923077 0.05048076923076923
0 0.25841346153846156 0.27163461538461536 0.09735576923076923 0.1045673076923077
0 0.3233173076923077 0.7271634615384616 0.06370192307692307 0.13221153846153846
0 0.33653846153846156 0.26802884615384615 0.055288461538461536 0.09735576923076923
0 0.45552884615384615 0.5024038461538461 0.24639423076923078 0.27524038461538464
0 0.3737980769230769 0.39783653846153844 0.06129807692307692 0.10817307692307693
0 0.41225961538461536 0.7367788461538461 0.09975961538461539 0.08173076923076923
0 0.5865384615384616 0.40024038461538464 0.06370192307692307 0.08173076923076923
0 0.6045673076923077 0.7259615384615384 0.08413461538461539 0.12980769230769232
0 0.6274038461538461 0.35216346153846156 0.09615384615384616 0.09735576923076923
0 0.6598557692307693 0.7199519230769231 0.08173076923076923 0.12860576923076922
0 0.6959134615384616 0.35216346153846156 0.10216346153846154 0.11298076923076923
0 0.7644230769230769 0.75 0.055288461538461536 0.06850961538461539
0 0.8064903846153846 0.3701923076923077 0.08413461538461539 0.11298076923076923
0 0.8389423076923077 0.7487980769230769 0.08413461538461539 0.07451923076923077
0 0.8725961538461539 0.3629807692307692 0.09615384615384616 0.12259615384615384