0 0.4963942307692308 0.6081730769230769 0.09375 0.2860576923076923
0 0.5 0.5240384615384616 0.9987980769230769 0.27403846153846156
0 0.10096153846153846 0.7331730769230769 0.13701923076923078 0.17427884615384615
0 0.13942307692307693 0.6658653846153846 0.08413461538461539 0.12379807692307693
0 0.16947115384615385 0.7007211538461539 0.078125 0.14543269230769232
0 0.20793269230769232 0.6670673076923077 0.05048076923076923 0.1045673076923077
0 0.2512019230769231 0.671875 0.08173076923076923 0.11658653846153846
0 0.2644230769230769 0.6646634615384616 0.038461538461538464 0.078125
0 0.3016826923076923 0.6610576923076923 0.05889423076923077 0.10216346153846154
0 0.3173076923076923 0.6670673076923077 0.04447115384615385 0.1045673076923077
0 0.38461538461538464 0.6971153846153846 0.14903846153846154 0.5204326923076923
0 0.859375 0.7391826923076923 0.27884615384615385 0.2980769230769231