0 0.018028846153846152 0.9122596153846154 0.03485576923076923 0.1346153846153846
0 0.020432692307692308 0.8076923076923077 0.040865384615384616 0.04567307692307692
0 0.04567307692307692 0.8569711538461539 0.07572115384615384 0.13701923076923078
0 0.14903846153846154 0.8665865384615384 0.13701923076923078 0.109375
0 0.1346153846153846 0.859375 0.07932692307692307 0.1466346153846154
0 0.23076923076923078 0.8569711538461539 0.055288461538461536 0.08653846153846154
0 0.27524038461538464 0.8461538461538461 0.020432692307692308 0.055288461538461536
0 0.296875 0.8389423076923077 0.003605769230769231 0.057692307692307696
0 0.38341346153846156 0.8401442307692307 0.03245192307692308 0.06009615384615385
0 0.4411057692307692 0.8305288461538461 0.013221153846153846 0.06971153846153846
0 0.8269230769230769 0.8449519230769231 0.1346153846153846 0.11778846153846154
0 0.9350961538461539 0.8557692307692307 0.12740384615384615 0.13822115384615385