0 0.02283653846153846 0.3317307692307692 0.037259615384615384 0.10096153846153846
0 0.11057692307692307 0.48677884615384615 0.12620192307692307 0.4855769230769231
0 0.22235576923076922 0.45913461538461536 0.10096153846153846 0.4519230769230769
0 0.30288461538461536 0.4831730769230769 0.09975961538461539 0.3894230769230769
0 0.3762019230769231 0.4543269230769231 0.1466346153846154 0.453125
0 0.5 0.4579326923076923 0.08173076923076923 0.41466346153846156
0 0.5300480769230769 0.48677884615384615 0.12620192307692307 0.39302884615384615
0 0.6081730769230769 0.5396634615384616 0.08413461538461539 0.3269230769230769
0 0.6598557692307693 0.5576923076923077 0.12379807692307693 0.4014423076923077
0 0.6153846153846154 0.3317307692307692 0.019230769230769232 0.07932692307692307
0 0.65625 0.32572115384615385 0.028846153846153848 0.07932692307692307
0 0.7668269230769231 0.6382211538461539 0.14783653846153846 0.28365384615384615
0 0.765625 0.43990384615384615 0.08774038461538461 0.234375
0 0.8329326923076923 0.5492788461538461 0.08653846153846154 0.41466346153846156