0 0.8918269230769231 0.4723557692307692 0.0733173076923077 0.33533653846153844
0 0.03245192307692308 0.48197115384615385 0.06370192307692307 0.3004807692307692
0 0.06850961538461539 0.390625 0.036057692307692304 0.09735576923076923
0 0.09735576923076923 0.390625 0.03485576923076923 0.109375
0 0.12980769230769232 0.3713942307692308 0.030048076923076924 0.0829326923076923
0 0.19951923076923078 0.36899038461538464 0.02403846153846154 0.0733173076923077
0 0.21634615384615385 0.35697115384615385 0.013221153846153846 0.04927884615384615
0 0.22956730769230768 0.3557692307692308 0.02403846153846154 0.05048076923076923
0 0.29086538461538464 0.40384615384615385 0.04567307692307692 0.15745192307692307
0 0.3954326923076923 0.4206730769230769 0.04447115384615385 0.22115384615384615
0 0.4326923076923077 0.421875 0.03365384615384615 0.125
0 0.45552884615384615 0.3713942307692308 0.025240384615384616 0.04927884615384615
0 0.5901442307692307 0.43509615384615385 0.025240384615384616 0.17427884615384615
0 0.6298076923076923 0.46033653846153844 0.038461538461538464 0.12860576923076922
0 0.6658653846153846 0.4230769230769231 0.04567307692307692 0.21995192307692307
0 0.7199519230769231 0.4362980769230769 0.04447115384615385 0.203125