0 0.13822115384615385 0.578125 0.04447115384615385 0.18028846153846154
0 0.18629807692307693 0.6298076923076923 0.08173076923076923 0.3894230769230769
0 0.21995192307692307 0.5024038461538461 0.038461538461538464 0.11298076923076923
0 0.30649038461538464 0.6586538461538461 0.08533653846153846 0.23076923076923078
0 0.3425480769230769 0.5637019230769231 0.037259615384615384 0.12259615384615384
0 0.3545673076923077 0.4891826923076923 0.028846153846153848 0.051682692307692304
0 0.3762019230769231 0.5540865384615384 0.02403846153846154 0.10576923076923077
0 0.41586538461538464 0.5180288461538461 0.025240384615384616 0.038461538461538464
0 0.47716346153846156 0.5721153846153846 0.040865384615384616 0.14903846153846154
0 0.5 0.5673076923076923 0.040865384615384616 0.19951923076923078
0 0.5300480769230769 0.5757211538461539 0.03365384615384615 0.22235576923076922
0 0.5865384615384616 0.5576923076923077 0.07091346153846154 0.234375
0 0.6177884615384616 0.49759615384615385 0.02403846153846154 0.0829326923076923
0 0.6490384615384616 0.49158653846153844 0.038461538461538464 0.08052884615384616
0 0.6754807692307693 0.53125 0.04807692307692308 0.1466346153846154
0 0.7079326923076923 0.5901442307692307 0.09254807692307693 0.15384615384615385
0 0.7307692307692307 0.5084134615384616 0.042067307692307696 0.06610576923076923
0 0.7692307692307693 0.5709134615384616 0.056490384615384616 0.17067307692307693
0 0.8052884615384616 0.7151442307692307 0.10096153846153846 0.25841346153846156
0 0.8100961538461539 0.5516826923076923 0.04567307692307692 0.1466346153846154
0 0.8701923076923077 0.5637019230769231 0.04927884615384615 0.18509615384615385
0 0.8846153846153846 0.5576923076923077 0.06971153846153846 0.1971153846153846