0 0.140625 0.5324519230769231 0.04927884615384615 0.04807692307692308
0 0.17908653846153846 0.6117788461538461 0.025240384615384616 0.11778846153846154
0 0.27884615384615385 0.5432692307692307 0.007211538461538462 0.04567307692307692
0 0.28966346153846156 0.5528846153846154 0.007211538461538462 0.04447115384615385
0 0.3004807692307692 0.5444711538461539 0.003605769230769231 0.027644230769230768
0 0.3245192307692308 0.5528846153846154 0.019230769230769232 0.04447115384615385
0 0.38221153846153844 0.59375 0.05889423076923077 0.109375
0 0.4074519230769231 0.5516826923076923 0.020432692307692308 0.04807692307692308
0 0.4375 0.5540865384615384 0.019230769230769232 0.046875
0 0.4519230769230769 0.6298076923076923 0.03485576923076923 0.109375
0 0.5012019230769231 0.5661057692307693 0.019230769230769232 0.036057692307692304
0 0.5528846153846154 0.6850961538461539 0.06009615384615385 0.14302884615384615
0 0.5288461538461539 0.5552884615384616 0.008413461538461538 0.056490384615384616
0 0.5733173076923077 0.5673076923076923 0.007211538461538462 0.02403846153846154
0 0.6069711538461539 0.5480769230769231 0.021634615384615384 0.054086538461538464
0 0.7127403846153846 0.5228365384615384 0.17668269230769232 0.04326923076923077
0 0.6358173076923077 0.5516826923076923 0.008413461538461538 0.040865384615384616
0 0.6682692307692307 0.5564903846153846 0.014423076923076924 0.03365384615384615
0 0.6911057692307693 0.6887019230769231 0.051682692307692304 0.14302884615384615
0 0.7379807692307693 0.5576923076923077 0.0625 0.055288461538461536
0 0.7463942307692307 0.6358173076923077 0.03485576923076923 0.09134615384615384
0 0.8701923076923077 0.5336538461538461 0.06610576923076923 0.028846153846153848
0 0.953125 0.5300480769230769 0.0733173076923077 0.046875