0 0.020432692307692308 0.65625 0.040865384615384616 0.08413461538461539
0 0.021634615384615384 0.7992788461538461 0.042067307692307696 0.2764423076923077
0 0.0625 0.7043269230769231 0.038461538461538464 0.17307692307692307
0 0.06850961538461539 0.6802884615384616 0.03365384615384615 0.15144230769230768
0 0.13701923076923078 0.6850961538461539 0.036057692307692304 0.16105769230769232
0 0.15865384615384615 0.7139423076923077 0.046875 0.23076923076923078
0 0.18870192307692307 0.7007211538461539 0.03245192307692308 0.18990384615384615
0 0.27884615384615385 0.6899038461538461 0.036057692307692304 0.17307692307692307
0 0.3401442307692308 0.7800480769230769 0.08774038461538461 0.3137019230769231
0 0.4098557692307692 0.7776442307692307 0.07692307692307693 0.29086538461538464
0 0.5757211538461539 0.8016826923076923 0.05889423076923077 0.31850961538461536
0 0.6141826923076923 0.7680288461538461 0.0829326923076923 0.30528846153846156
0 0.7512019230769231 0.7427884615384616 0.04927884615384615 0.18509615384615385
0 0.7992788461538461 0.7259615384615384 0.04807692307692308 0.19230769230769232
0 0.8461538461538461 0.7319711538461539 0.040865384615384616 0.17427884615384615
0 0.8774038461538461 0.7475961538461539 0.06129807692307692 0.19591346153846154
0 0.9483173076923077 0.7439903846153846 0.036057692307692304 0.18629807692307693