0 0.18028846153846154 0.7115384615384616 0.1346153846153846 0.4567307692307692
0 0.20552884615384615 0.5108173076923077 0.018028846153846152 0.07091346153846154
0 0.2283653846153846 0.47475961538461536 0.025240384615384616 0.06971153846153846
0 0.3629807692307692 0.4795673076923077 0.038461538461538464 0.171875
0 0.36778846153846156 0.4519230769230769 0.008413461538461538 0.12259615384615384
0 0.47475961538461536 0.4723557692307692 0.014423076923076924 0.11778846153846154
0 0.5084134615384616 0.49158653846153844 0.016826923076923076 0.10576923076923077
0 0.5697115384615384 0.4639423076923077 0.051682692307692304 0.15985576923076922
0 0.59375 0.4567307692307692 0.027644230769230768 0.140625
0 0.7127403846153846 0.5036057692307693 0.018028846153846152 0.054086538461538464
0 0.8389423076923077 0.5180288461538461 0.03485576923076923 0.15985576923076922
0 0.8954326923076923 0.4831730769230769 0.055288461538461536 0.17307692307692307