0 0.1141826923076923 0.6610576923076923 0.13221153846153846 0.6117788461538461
0 0.24278846153846154 0.6394230769230769 0.15264423076923078 0.71875
0 0.30649038461538464 0.6189903846153846 0.07692307692307693 0.42908653846153844
0 0.3629807692307692 0.6129807692307693 0.07932692307692307 0.3112980769230769
0 0.4567307692307692 0.5985576923076923 0.10576923076923077 0.3762019230769231
0 0.5180288461538461 0.5961538461538461 0.052884615384615384 0.3269230769230769
0 0.5456730769230769 0.6213942307692307 0.08774038461538461 0.36177884615384615
0 0.6346153846153846 0.6466346153846154 0.1346153846153846 0.4326923076923077
0 0.6790865384615384 0.6045673076923077 0.06490384615384616 0.37740384615384615
0 0.7620192307692307 0.6706730769230769 0.09735576923076923 0.4170673076923077
0 0.8846153846153846 0.7139423076923077 0.2283653846153846 0.5709134615384616
0 0.8557692307692307 0.47836538461538464 0.09975961538461539 0.21634615384615385