0 0.12139423076923077 0.3401442307692308 0.013221153846153846 0.03485576923076923
0 0.14302884615384615 0.3293269230769231 0.016826923076923076 0.06490384615384616
0 0.2247596153846154 0.40865384615384615 0.04567307692307692 0.1201923076923077
0 0.23197115384615385 0.32572115384615385 0.015625 0.04807692307692308
0 0.26322115384615385 0.3858173076923077 0.05048076923076923 0.17067307692307693
0 0.2824519230769231 0.328125 0.01201923076923077 0.04567307692307692
0 0.47836538461538464 0.49759615384615385 0.14302884615384615 0.49038461538461536
0 0.5252403846153846 0.6959134615384616 0.12379807692307693 0.2127403846153846
0 0.6117788461538461 0.6730769230769231 0.11177884615384616 0.19230769230769232
0 0.625 0.36177884615384615 0.03365384615384615 0.16706730769230768
0 0.7379807692307693 0.4206730769230769 0.037259615384615384 0.16105769230769232
0 0.78125 0.35336538461538464 0.040865384615384616 0.1045673076923077
0 0.7848557692307693 0.4362980769230769 0.04927884615384615 0.17908653846153846
0 0.8485576923076923 0.4050480769230769 0.04447115384615385 0.20673076923076922
0 0.9230769230769231 0.43509615384615385 0.03485576923076923 0.13701923076923078