0 0.43990384615384615 0.8737980769230769 0.055288461538461536 0.140625
0 0.24519230769230768 0.8209134615384616 0.18028846153846154 0.3557692307692308
0 0.3401442307692308 0.8545673076923077 0.037259615384615384 0.1141826923076923
0 0.359375 0.5913461538461539 0.013221153846153846 0.03125
0 0.3641826923076923 0.6322115384615384 0.014423076923076924 0.040865384615384616
0 0.3701923076923077 0.6670673076923077 0.015625 0.057692307692307696
0 0.38100961538461536 0.9194711538461539 0.02403846153846154 0.10576923076923077
0 0.3737980769230769 0.5973557692307693 0.008413461538461538 0.040865384615384616
0 0.3870192307692308 0.5949519230769231 0.015625 0.04927884615384615
0 0.3954326923076923 0.7199519230769231 0.021634615384615384 0.06009615384615385
0 0.4026442307692308 0.6694711538461539 0.014423076923076924 0.054086538461538464
0 0.4182692307692308 0.8365384615384616 0.03245192307692308 0.11177884615384616
0 0.41346153846153844 0.5661057692307693 0.013221153846153846 0.028846153846153848
0 0.4182692307692308 0.7235576923076923 0.013221153846153846 0.0673076923076923
0 0.4266826923076923 0.5649038461538461 0.01201923076923077 0.03245192307692308
0 0.43149038461538464 0.6177884615384616 0.016826923076923076 0.038461538461538464
0 0.43149038461538464 0.6622596153846154 0.010817307692307692 0.051682692307692304
0 0.45072115384615385 0.8209134615384616 0.025240384615384616 0.055288461538461536
0 0.44591346153846156 0.6189903846153846 0.007211538461538462 0.038461538461538464
0 0.4579326923076923 0.6862980769230769 0.021634615384615384 0.06490384615384616
0 0.46033653846153844 0.6322115384615384 0.015625 0.04927884615384615
0 0.5048076923076923 0.7163461538461539 0.016826923076923076 0.078125
0 0.5324519230769231 0.7980769230769231 0.02403846153846154 0.09495192307692307
0 0.5432692307692307 0.6358173076923077 0.018028846153846152 0.055288461538461536
0 0.5709134615384616 0.6971153846153846 0.016826923076923076 0.06129807692307692
0 0.578125 0.6286057692307693 0.021634615384615384 0.04567307692307692
0 0.5853365384615384 0.6802884615384616 0.020432692307692308 0.03125
0 0.6177884615384616 0.7139423076923077 0.02403846153846154 0.06850961538461539
0 0.6778846153846154 0.7199519230769231 0.025240384615384616 0.07211538461538461
0 0.6802884615384616 0.6466346153846154 0.01201923076923077 0.055288461538461536
0 0.7163461538461539 0.7692307692307693 0.021634615384615384 0.10096153846153846
0 0.8461538461538461 0.8305288461538461 0.030048076923076924 0.09975961538461539