0 0.002403846153846154 0.2668269230769231 0.003605769230769231 0.03125
0 0.019230769230769232 0.25841346153846156 0.016826923076923076 0.042067307692307696
0 0.04567307692307692 0.25600961538461536 0.009615384615384616 0.03485576923076923
0 0.06129807692307692 0.25600961538461536 0.009615384615384616 0.038461538461538464
0 0.2283653846153846 0.43149038461538464 0.30649038461538464 0.5084134615384616
0 0.3004807692307692 0.24879807692307693 0.008413461538461538 0.03485576923076923
0 0.5276442307692307 0.71875 0.23076923076923078 0.5048076923076923
0 0.49038461538461536 0.4050480769230769 0.12860576923076922 0.3942307692307692
0 0.46634615384615385 0.2439903846153846 0.04807692307692308 0.07932692307692307
0 0.6502403846153846 0.45072115384615385 0.12740384615384615 0.5528846153846154
0 0.8353365384615384 0.6670673076923077 0.3245192307692308 0.6610576923076923
0 0.703125 0.24278846153846154 0.009615384615384616 0.019230769230769232
0 0.9615384615384616 0.35096153846153844 0.07211538461538461 0.3125