0 0.051682692307692304 0.6033653846153846 0.10336538461538461 0.43028846153846156
0 0.056490384615384616 0.8100961538461539 0.11177884615384616 0.11177884615384616
0 0.2932692307692308 0.5997596153846154 0.43028846153846156 0.7800480769230769
0 0.3389423076923077 0.5877403846153846 0.2536057692307692 0.8233173076923077
0 0.3942307692307692 0.390625 0.21153846153846154 0.41466346153846156
0 0.4423076923076923 0.5576923076923077 0.11778846153846154 0.34975961538461536
0 0.41947115384615385 0.30288461538461536 0.052884615384615384 0.10817307692307693
0 0.4639423076923077 0.36899038461538464 0.08653846153846154 0.25
0 0.5805288461538461 0.5721153846153846 0.31971153846153844 0.8545673076923077
0 0.578125 0.2848557692307692 0.20432692307692307 0.43028846153846156
0 0.6694711538461539 0.40024038461538464 0.09375 0.3389423076923077
0 0.7235576923076923 0.44350961538461536 0.11778846153846154 0.43509615384615385
0 0.8149038461538461 0.5456730769230769 0.2536057692307692 0.9074519230769231
0 0.8569711538461539 0.3329326923076923 0.054086538461538464 0.10817307692307693
0 0.9194711538461539 0.5721153846153846 0.15625 0.8509615384615384