0 0.23197115384615385 0.7596153846153846 0.04567307692307692 0.14182692307692307
0 0.2776442307692308 0.7319711538461539 0.008413461538461538 0.06971153846153846
0 0.31490384615384615 0.7680288461538461 0.04447115384615385 0.1814903846153846
0 0.3605769230769231 0.7103365384615384 0.025240384615384616 0.06009615384615385
0 0.3858173076923077 0.71875 0.020432692307692308 0.06370192307692307
0 0.41225961538461536 0.6995192307692307 0.008413461538461538 0.030048076923076924
0 0.41947115384615385 0.6971153846153846 0.006009615384615385 0.037259615384615384
0 0.44711538461538464 0.6911057692307693 0.01201923076923077 0.021634615384615384
0 0.5036057692307693 0.7091346153846154 0.010817307692307692 0.04807692307692308
0 0.5192307692307693 0.7103365384615384 0.014423076923076924 0.055288461538461536
0 0.7151442307692307 0.7572115384615384 0.036057692307692304 0.12620192307692307
0 0.7824519230769231 0.7055288461538461 0.013221153846153846 0.08052884615384616
0 0.8641826923076923 0.7728365384615384 0.037259615384615384 0.1502403846153846
0 0.9074519230769231 0.7740384615384616 0.037259615384615384 0.14783653846153846