0 0.49759615384615385 0.6814903846153846 0.08052884615384616 0.3701923076923077
0 0.2247596153846154 0.5432692307692307 0.037259615384615384 0.06370192307692307
0 0.296875 0.5480769230769231 0.03365384615384615 0.06009615384615385
0 0.5949519230769231 0.5564903846153846 0.02403846153846154 0.04326923076923077
0 0.6514423076923077 0.5709134615384616 0.02403846153846154 0.13221153846153846
0 0.6899038461538461 0.5300480769230769 0.016826923076923076 0.038461538461538464
0 0.7127403846153846 0.5492788461538461 0.026442307692307692 0.054086538461538464
0 0.7512019230769231 0.5348557692307693 0.02403846153846154 0.04567307692307692
0 0.7992788461538461 0.5661057692307693 0.03365384615384615 0.10336538461538461
0 0.7992788461538461 0.5120192307692307 0.026442307692307692 0.04326923076923077
0 0.8641826923076923 0.5733173076923077 0.030048076923076924 0.1310096153846154
0 0.9038461538461539 0.5793269230769231 0.04567307692307692 0.1466346153846154
0 0.9555288461538461 0.5997596153846154 0.040865384615384616 0.14543269230769232