0 0.7259615384615384 0.7680288461538461 0.14543269230769232 0.4254807692307692
0 0.036057692307692304 0.7728365384615384 0.07091346153846154 0.4483173076923077
0 0.08774038461538461 0.7824519230769231 0.11778846153846154 0.4338942307692308
0 0.3762019230769231 0.7596153846153846 0.08774038461538461 0.4423076923076923
0 0.38822115384615385 0.5985576923076923 0.030048076923076924 0.09254807692307693
0 0.43509615384615385 0.7091346153846154 0.09254807692307693 0.5180288461538461
0 0.5024038461538461 0.5288461538461539 0.10817307692307693 0.48197115384615385
0 0.5360576923076923 0.7163461538461539 0.14182692307692307 0.48677884615384615
0 0.6201923076923077 0.7740384615384616 0.12740384615384615 0.3737980769230769
0 0.8966346153846154 0.7439903846153846 0.11778846153846154 0.36538461538461536
0 0.9699519230769231 0.7319711538461539 0.05889423076923077 0.4074519230769231