0 0.49278846153846156 0.6742788461538461 0.14182692307692307 0.5733173076923077
0 0.09975961538461539 0.5516826923076923 0.051682692307692304 0.16466346153846154
0 0.1466346153846154 0.5480769230769231 0.013221153846153846 0.05889423076923077
0 0.24519230769230768 0.5456730769230769 0.019230769230769232 0.06490384615384616
0 0.25841346153846156 0.5552884615384616 0.015625 0.054086538461538464
0 0.35096153846153844 0.5612980769230769 0.013221153846153846 0.04567307692307692
0 0.390625 0.5540865384615384 0.026442307692307692 0.07692307692307693
0 0.40865384615384615 0.5480769230769231 0.021634615384615384 0.06850961538461539
0 0.43028846153846156 0.5480769230769231 0.020432692307692308 0.06850961538461539
0 0.5528846153846154 0.5612980769230769 0.015625 0.09254807692307693
0 0.5685096153846154 0.5600961538461539 0.020432692307692308 0.10697115384615384
0 0.6129807692307693 0.5480769230769231 0.02403846153846154 0.06850961538461539
0 0.6875 0.5516826923076923 0.014423076923076924 0.04447115384615385
0 0.703125 0.5625 0.007211538461538462 0.03125
0 0.7439903846153846 0.5853365384615384 0.06370192307692307 0.0733173076923077
0 0.7475961538461539 0.59375 0.030048076923076924 0.09735576923076923
0 0.8125 0.6177884615384616 0.07572115384615384 0.10817307692307693
0 0.7980769230769231 0.5733173076923077 0.028846153846153848 0.19110576923076922
0 0.8834134615384616 0.6045673076923077 0.09014423076923077 0.12139423076923077
0 0.8894230769230769 0.6021634615384616 0.055288461538461536 0.11778846153846154
0 0.9050480769230769 0.5997596153846154 0.038461538461538464 0.19831730769230768
0 0.9651442307692307 0.6129807692307693 0.06490384615384616 0.17307692307692307