0 0.12620192307692307 0.35216346153846156 0.25240384615384615 0.7043269230769231
0 0.3762019230769231 0.5769230769230769 0.20673076923076922 0.28846153846153844
0 0.3389423076923077 0.36778846153846156 0.018028846153846152 0.028846153846153848
0 0.421875 0.43509615384615385 0.037259615384615384 0.1141826923076923
0 0.4891826923076923 0.4495192307692308 0.09375 0.34975961538461536
0 0.5745192307692307 0.46274038461538464 0.09615384615384616 0.3401442307692308
0 0.671875 0.4723557692307692 0.09375 0.3798076923076923
0 0.734375 0.515625 0.09735576923076923 0.34975961538461536
0 0.8076923076923077 0.5492788461538461 0.11177884615384616 0.34975961538461536
0 0.9086538461538461 0.6262019230769231 0.10336538461538461 0.4110576923076923
0 0.9254807692307693 0.6033653846153846 0.06129807692307692 0.25961538461538464
0 0.9591346153846154 0.6322115384615384 0.07692307692307693 0.3317307692307692