0 0.7752403846153846 0.4423076923076923 0.06490384615384616 0.40865384615384615
0 0.009615384615384616 0.33052884615384615 0.019230769230769232 0.0985576923076923
0 0.03485576923076923 0.5492788461538461 0.06971153846153846 0.40625
0 0.038461538461538464 0.33413461538461536 0.051682692307692304 0.0985576923076923
0 0.06971153846153846 0.3401442307692308 0.03365384615384615 0.17668269230769232
0 0.0985576923076923 0.3401442307692308 0.051682692307692304 0.1875
0 0.171875 0.41466346153846156 0.07091346153846154 0.25
0 0.22596153846153846 0.3137019230769231 0.04927884615384615 0.10576923076923077
0 0.234375 0.4326923076923077 0.052884615384615384 0.25
0 0.2608173076923077 0.44711538461538464 0.06971153846153846 0.27283653846153844
0 0.24759615384615385 0.3269230769230769 0.018028846153846152 0.03125
0 0.27283653846153844 0.28365384615384615 0.039663461538461536 0.07572115384615384
0 0.3004807692307692 0.49278846153846156 0.07091346153846154 0.2920673076923077
0 0.32091346153846156 0.3641826923076923 0.06129807692307692 0.14423076923076922
0 0.3605769230769231 0.33052884615384615 0.03365384615384615 0.1502403846153846
0 0.3918269230769231 0.5 0.038461538461538464 0.10576923076923077
0 0.4014423076923077 0.3918269230769231 0.038461538461538464 0.171875
0 0.49158653846153844 0.3233173076923077 0.028846153846153848 0.15144230769230768
0 0.5552884615384616 0.3918269230769231 0.06370192307692307 0.2091346153846154
0 0.5829326923076923 0.28966346153846156 0.04326923076923077 0.09134615384615384
0 0.5889423076923077 0.3786057692307692 0.04447115384615385 0.18269230769230768
0 0.625 0.43990384615384615 0.08173076923076923 0.29927884615384615
0 0.6165865384615384 0.29927884615384615 0.028846153846153848 0.09975961538461539
0 0.7019230769230769 0.4579326923076923 0.07572115384615384 0.3713942307692308
0 0.8269230769230769 0.3918269230769231 0.057692307692307696 0.29086538461538464
0 0.8305288461538461 0.3762019230769231 0.05889423076923077 0.2512019230769231
0 0.8569711538461539 0.3233173076923077 0.027644230769230768 0.10576923076923077
0 0.9134615384615384 0.4098557692307692 0.1141826923076923 0.30408653846153844
0 0.9206730769230769 0.40625 0.12740384615384615 0.3641826923076923
0 0.984375 0.3137019230769231 0.028846153846153848 0.13942307692307693