0 0.42788461538461536 0.9254807692307693 0.046875 0.125
0 0.008413461538461538 0.9627403846153846 0.016826923076923076 0.06971153846153846
0 0.040865384615384616 0.9014423076923077 0.07211538461538461 0.12860576923076922
0 0.14903846153846154 0.921875 0.18509615384615385 0.15384615384615385
0 0.3137019230769231 0.9230769230769231 0.1201923076923077 0.15264423076923078
0 0.5204326923076923 0.9266826923076923 0.10216346153846154 0.14543269230769232
0 0.8137019230769231 0.9423076923076923 0.06850961538461539 0.1141826923076923
0 0.84375 0.9411057692307693 0.03485576923076923 0.11658653846153846
0 0.8798076923076923 0.9387019230769231 0.07572115384615384 0.11899038461538461
0 0.8725961538461539 0.8605769230769231 0.013221153846153846 0.015625
0 0.9038461538461539 0.9338942307692307 0.038461538461538464 0.12980769230769232
0 0.9242788461538461 0.8677884615384616 0.015625 0.03125
0 0.9639423076923077 0.9375 0.0673076923076923 0.1201923076923077
0 0.9675480769230769 0.8701923076923077 0.028846153846153848 0.055288461538461536
0 0.9903846153846154 0.8713942307692307 0.018028846153846152 0.052884615384615384