0 0.5637019230769231 0.4891826923076923 0.04927884615384615 0.20192307692307693
0 0.040865384615384616 0.4495192307692308 0.04927884615384615 0.25
0 0.07211538461538461 0.4735576923076923 0.051682692307692304 0.16947115384615385
0 0.1310096153846154 0.4735576923076923 0.042067307692307696 0.19591346153846154
0 0.17067307692307693 0.47596153846153844 0.051682692307692304 0.234375
0 0.19110576923076922 0.4723557692307692 0.026442307692307692 0.20552884615384615
0 0.2283653846153846 0.4254807692307692 0.026442307692307692 0.0673076923076923
0 0.27884615384615385 0.47475961538461536 0.05048076923076923 0.16947115384615385
0 0.27163461538461536 0.4026442307692308 0.014423076923076924 0.036057692307692304
0 0.4074519230769231 0.4362980769230769 0.036057692307692304 0.13581730769230768
0 0.4206730769230769 0.49759615384615385 0.06370192307692307 0.23317307692307693
0 0.46875 0.4639423076923077 0.05889423076923077 0.20793269230769232
0 0.7175480769230769 0.4423076923076923 0.036057692307692304 0.16947115384615385
0 0.953125 0.5048076923076923 0.054086538461538464 0.18509615384615385