0 0.2439903846153846 0.4182692307692308 0.12139423076923077 0.23317307692307693
0 0.078125 0.8918269230769231 0.15504807692307693 0.21514423076923078
0 0.11177884615384616 0.41466346153846156 0.13822115384615385 0.1971153846153846
0 0.1310096153846154 0.6935096153846154 0.0829326923076923 0.15865384615384615
0 0.24278846153846154 0.7668269230769231 0.09134615384615384 0.09495192307692307
0 0.41947115384615385 0.4050480769230769 0.13221153846153846 0.23076923076923078
0 0.42788461538461536 0.7223557692307693 0.09735576923076923 0.08533653846153846
0 0.47596153846153844 0.9591346153846154 0.1778846153846154 0.07692307692307693
0 0.5829326923076923 0.4254807692307692 0.13942307692307693 0.19591346153846154
0 0.6454326923076923 0.8810096153846154 0.10216346153846154 0.11658653846153846
0 0.7632211538461539 0.4170673076923077 0.12379807692307693 0.22596153846153846
0 0.7728365384615384 0.8173076923076923 0.09495192307692307 0.0625
0 0.8377403846153846 0.7560096153846154 0.0733173076923077 0.10096153846153846
0 0.9002403846153846 0.46274038461538464 0.1346153846153846 0.2956730769230769