0 0.07572115384615384 0.5576923076923077 0.15144230769230768 0.34975961538461536
0 0.03365384615384615 0.20552884615384615 0.018028846153846152 0.06129807692307692
0 0.06971153846153846 0.19591346153846154 0.037259615384615384 0.09134615384615384
0 0.16105769230769232 0.8365384615384616 0.1814903846153846 0.265625
0 0.10216346153846154 0.17427884615384615 0.02403846153846154 0.078125
0 0.18629807692307693 0.36538461538461536 0.1045673076923077 0.1045673076923077
0 0.21033653846153846 0.5588942307692307 0.12860576923076922 0.3245192307692308
0 0.19110576923076922 0.14783653846153846 0.08653846153846154 0.0829326923076923
0 0.39783653846153844 0.43028846153846156 0.3629807692307692 0.14783653846153846
0 0.28125 0.29447115384615385 0.1201923076923077 0.1045673076923077
0 0.30288461538461536 0.7307692307692307 0.15264423076923078 0.5204326923076923
0 0.27524038461538464 0.1201923076923077 0.09495192307692307 0.08413461538461539
0 0.3389423076923077 0.7800480769230769 0.14302884615384615 0.4362980769230769
0 0.3088942307692308 0.21875 0.08173076923076923 0.0733173076923077
0 0.45913461538461536 0.3269230769230769 0.22716346153846154 0.13701923076923078
0 0.5012019230769231 0.2439903846153846 0.28966346153846156 0.07692307692307693
0 0.4951923076923077 0.7271634615384616 0.22596153846153846 0.5108173076923077
0 0.6682692307692307 0.43028846153846156 0.18990384615384615 0.1310096153846154
0 0.6658653846153846 0.3329326923076923 0.1814903846153846 0.13341346153846154
0 0.6923076923076923 0.7211538461538461 0.19951923076923078 0.46875
0 0.7536057692307693 0.14783653846153846 0.07572115384615384 0.0829326923076923
0 0.8149038461538461 0.43149038461538464 0.1201923076923077 0.16346153846153846
0 0.8894230769230769 0.6766826923076923 0.21754807692307693 0.4254807692307692
0 0.8088942307692307 0.17067307692307693 0.04326923076923077 0.07091346153846154
0 0.8581730769230769 0.18990384615384615 0.05889423076923077 0.09134615384615384
0 0.9146634615384616 0.22596153846153846 0.027644230769230768 0.09495192307692307
0 0.9615384615384616 0.2860576923076923 0.07451923076923077 0.15745192307692307