0 0.20793269230769232 0.7788461538461539 0.23677884615384615 0.43990384615384615
0 0.37259615384615385 0.8317307692307693 0.27524038461538464 0.32572115384615385
0 0.3918269230769231 0.6153846153846154 0.2247596153846154 0.5108173076923077
0 0.34975961538461536 0.1201923076923077 0.078125 0.2403846153846154
0 0.4110576923076923 0.09735576923076923 0.05889423076923077 0.19471153846153846
0 0.5132211538461539 0.5240384615384616 0.18028846153846154 0.41947115384615385
0 0.4579326923076923 0.1141826923076923 0.055288461538461536 0.2283653846153846
0 0.5384615384615384 0.1201923076923077 0.10336538461538461 0.2403846153846154
0 0.6117788461538461 0.7103365384615384 0.23557692307692307 0.5769230769230769
0 0.7211538461538461 0.2620192307692308 0.2548076923076923 0.5240384615384616
0 0.7439903846153846 0.7247596153846154 0.18509615384615385 0.5384615384615384
0 0.8882211538461539 0.265625 0.15625 0.53125
0 0.9447115384615384 0.2283653846153846 0.11057692307692307 0.4567307692307692