0 0.6225961538461539 0.47836538461538464 0.07451923076923077 0.33533653846153844
0 0.06129807692307692 0.7139423076923077 0.12139423076923077 0.38461538461538464
0 0.14182692307692307 0.5745192307692307 0.06610576923076923 0.30408653846153844
0 0.1658653846153846 0.3389423076923077 0.07451923076923077 0.057692307692307696
0 0.15625 0.3088942307692308 0.019230769230769232 0.06370192307692307
0 0.18870192307692307 0.5444711538461539 0.04807692307692308 0.30528846153846156
0 0.2247596153846154 0.5661057692307693 0.09735576923076923 0.27163461538461536
0 0.28966346153846156 0.5048076923076923 0.06490384615384616 0.2692307692307692
0 0.2776442307692308 0.3329326923076923 0.021634615384615384 0.04447115384615385
0 0.3425480769230769 0.5036057692307693 0.06009615384615385 0.28125
0 0.39302884615384615 0.5084134615384616 0.078125 0.2860576923076923
0 0.46274038461538464 0.5084134615384616 0.07091346153846154 0.3245192307692308
0 0.5288461538461539 0.5 0.07211538461538461 0.33774038461538464
0 0.5985576923076923 0.3137019230769231 0.07692307692307693 0.32211538461538464
0 0.6778846153846154 0.19471153846153846 0.042067307692307696 0.057692307692307696
0 0.9387019230769231 0.6430288461538461 0.09375 0.296875