0 0.28125 0.7091346153846154 0.056490384615384616 0.18389423076923078
0 0.3233173076923077 0.6298076923076923 0.07572115384615384 0.3245192307692308
0 0.3629807692307692 0.6983173076923077 0.06971153846153846 0.20552884615384615
0 0.3629807692307692 0.578125 0.06850961538461539 0.2091346153846154
0 0.49278846153846156 0.6959134615384616 0.07692307692307693 0.23677884615384615
0 0.5745192307692307 0.6862980769230769 0.038461538461538464 0.17427884615384615
0 0.640625 0.7259615384615384 0.16826923076923078 0.20673076923076922
0 0.7019230769230769 0.7091346153846154 0.09254807692307693 0.18990384615384615
0 0.9086538461538461 0.7163461538461539 0.05048076923076923 0.1346153846153846
0 0.9423076923076923 0.7211538461538461 0.040865384615384616 0.12860576923076922
0 0.9855769230769231 0.6658653846153846 0.027644230769230768 0.0829326923076923