0 0.8185096153846154 0.7175480769230769 0.0985576923076923 0.3641826923076923
0 0.028846153846153848 0.6201923076923077 0.03485576923076923 0.08533653846153846
0 0.06129807692307692 0.7271634615384616 0.07211538461538461 0.12740384615384615
0 0.0625 0.6225961538461539 0.019230769230769232 0.06129807692307692
0 0.08413461538461539 0.6153846153846154 0.026442307692307692 0.0829326923076923
0 0.21514423076923078 0.5901442307692307 0.046875 0.057692307692307696
0 0.21514423076923078 0.6658653846153846 0.04326923076923077 0.06370192307692307
0 0.2403846153846154 0.6490384615384616 0.021634615384615384 0.06370192307692307
0 0.23677884615384615 0.5841346153846154 0.01201923076923077 0.03125
0 0.2692307692307692 0.65625 0.02283653846153846 0.05048076923076923
0 0.2800480769230769 0.5997596153846154 0.03485576923076923 0.0985576923076923
0 0.296875 0.6153846153846154 0.026442307692307692 0.09615384615384616
0 0.33413461538461536 0.6237980769230769 0.026442307692307692 0.11057692307692307
0 0.35216346153846156 0.6117788461538461 0.018028846153846152 0.10697115384615384
0 0.3737980769230769 0.6165865384615384 0.015625 0.08052884615384616
0 0.3894230769230769 0.6117788461538461 0.015625 0.07451923076923077
0 0.4387019230769231 0.6021634615384616 0.01201923076923077 0.06370192307692307
0 0.46033653846153844 0.6105769230769231 0.019230769230769232 0.07211538461538461
0 0.48677884615384615 0.6045673076923077 0.018028846153846152 0.08774038461538461
0 0.5192307692307693 0.6418269230769231 0.03365384615384615 0.08052884615384616
0 0.5504807692307693 0.6237980769230769 0.03125 0.11298076923076923
0 0.5841346153846154 0.6201923076923077 0.03365384615384615 0.10817307692307693
0 0.6081730769230769 0.6370192307692307 0.021634615384615384 0.09975961538461539
0 0.6862980769230769 0.7139423076923077 0.08533653846153846 0.27884615384615385
0 0.6658653846153846 0.6105769230769231 0.039663461538461536 0.052884615384615384
0 0.7475961538461539 0.6418269230769231 0.02403846153846154 0.10697115384615384
0 0.7487980769230769 0.5889423076923077 0.026442307692307692 0.06370192307692307
0 0.7752403846153846 0.6021634615384616 0.013221153846153846 0.055288461538461536
0 0.8365384615384616 0.6069711538461539 0.020432692307692308 0.04807692307692308
0 0.8798076923076923 0.7415865384615384 0.057692307692307696 0.3269230769230769
0 0.9567307692307693 0.6129807692307693 0.025240384615384616 0.052884615384615384
0 0.9747596153846154 0.6286057692307693 0.019230769230769232 0.046875