0 0.1778846153846154 0.6550480769230769 0.07211538461538461 0.30408653846153844
0 0.025240384615384616 0.6610576923076923 0.05048076923076923 0.2403846153846154
0 0.055288461538461536 0.6550480769230769 0.06009615384615385 0.21033653846153846
0 0.10216346153846154 0.6502403846153846 0.040865384615384616 0.17427884615384615
0 0.13581730769230768 0.6574519230769231 0.06610576923076923 0.21514423076923078
0 0.15865384615384615 0.6490384615384616 0.02283653846153846 0.16105769230769232
0 0.21754807692307693 0.6598557692307693 0.03245192307692308 0.2644230769230769
0 0.28725961538461536 0.5300480769230769 0.06610576923076923 0.140625
0 0.3088942307692308 0.15625 0.040865384615384616 0.06971153846153846
0 0.3161057692307692 0.5516826923076923 0.052884615384615384 0.09014423076923077
0 0.5721153846153846 0.4266826923076923 0.0625 0.39302884615384615
0 0.6274038461538461 0.3137019230769231 0.025240384615384616 0.13822115384615385
0 0.6526442307692307 0.31850961538461536 0.019230769230769232 0.12620192307692307
0 0.7067307692307693 0.3269230769230769 0.036057692307692304 0.13341346153846154
0 0.7716346153846154 0.34975961538461536 0.030048076923076924 0.1201923076923077
0 0.8930288461538461 0.6081730769230769 0.03125 0.13701923076923078
0 0.9278846153846154 0.5961538461538461 0.015625 0.09615384615384616
0 0.9471153846153846 0.5973557692307693 0.025240384615384616 0.09375