0 0.027644230769230768 0.9170673076923077 0.055288461538461536 0.16466346153846154
0 0.27884615384615385 0.3894230769230769 0.5576923076923077 0.20072115384615385
0 0.4375 0.828125 0.23076923076923078 0.3425480769230769
0 0.6778846153846154 0.8112980769230769 0.1466346153846154 0.3762019230769231
0 0.7235576923076923 0.2848557692307692 0.10817307692307693 0.08653846153846154
0 0.7079326923076923 0.33653846153846156 0.014423076923076924 0.06129807692307692
0 0.7211538461538461 0.3485576923076923 0.02403846153846154 0.11057692307692307
0 0.7788461538461539 0.7536057692307693 0.13221153846153846 0.4699519230769231
0 0.8569711538461539 0.6826923076923077 0.0673076923076923 0.39663461538461536
0 0.8653846153846154 0.39903846153846156 0.052884615384615384 0.078125
0 0.8774038461538461 0.41225961538461536 0.04447115384615385 0.08653846153846154
0 0.8774038461538461 0.5216346153846154 0.036057692307692304 0.1346153846153846
0 0.9002403846153846 0.4735576923076923 0.03245192307692308 0.1141826923076923
0 0.9146634615384616 0.43990384615384615 0.037259615384615384 0.10096153846153846