0 0.19230769230769232 0.6105769230769231 0.04447115384615385 0.15504807692307693
0 0.28846153846153844 0.7079326923076923 0.0625 0.15985576923076922
0 0.3473557692307692 0.7247596153846154 0.04927884615384615 0.17548076923076922
0 0.3786057692307692 0.7307692307692307 0.06490384615384616 0.19591346153846154
0 0.4699519230769231 0.8269230769230769 0.09014423076923077 0.2668269230769231
0 0.546875 0.859375 0.0733173076923077 0.23317307692307693
0 0.5901442307692307 0.8882211538461539 0.07211538461538461 0.21995192307692307
0 0.6370192307692307 0.9110576923076923 0.09495192307692307 0.17548076923076922
0 0.6706730769230769 0.7403846153846154 0.06129807692307692 0.14302884615384615
0 0.7127403846153846 0.8173076923076923 0.0829326923076923 0.22115384615384615
0 0.6923076923076923 0.6490384615384616 0.040865384615384616 0.09495192307692307
0 0.7091346153846154 0.5805288461538461 0.036057692307692304 0.07451923076923077
0 0.7331730769230769 0.6766826923076923 0.040865384615384616 0.0889423076923077
0 0.7680288461538461 0.8533653846153846 0.09735576923076923 0.2127403846153846
0 0.7451923076923077 0.5949519230769231 0.03365384615384615 0.07692307692307693
0 0.78125 0.6875 0.04567307692307692 0.0889423076923077
0 0.7824519230769231 0.6105769230769231 0.04326923076923077 0.07692307692307693
0 0.8305288461538461 0.8858173076923077 0.09615384615384616 0.2247596153846154
0 0.828125 0.6262019230769231 0.04447115384615385 0.09375
0 0.90625 0.9122596153846154 0.0829326923076923 0.16466346153846154
0 0.9134615384615384 0.6802884615384616 0.057692307692307696 0.1622596153846154
0 0.96875 0.9435096153846154 0.06009615384615385 0.109375