0 0.0985576923076923 0.9086538461538461 0.12379807692307693 0.18028846153846154
0 0.109375 0.8305288461538461 0.078125 0.13581730769230768
0 0.12620192307692307 0.7944711538461539 0.05048076923076923 0.14302884615384615
0 0.203125 0.8341346153846154 0.09615384615384616 0.21754807692307693
0 0.19831730769230768 0.9266826923076923 0.06370192307692307 0.14302884615384615
0 0.296875 0.8689903846153846 0.08052884615384616 0.25961538461538464
0 0.36538461538461536 0.8677884615384616 0.11658653846153846 0.23197115384615385
0 0.37259615384615385 0.9194711538461539 0.09254807692307693 0.15865384615384615
0 0.4567307692307692 0.8966346153846154 0.05048076923076923 0.15504807692307693
0 0.5144230769230769 0.8870192307692307 0.0673076923076923 0.20432692307692307
0 0.6141826923076923 0.8810096153846154 0.09975961538461539 0.23557692307692307
0 0.6550480769230769 0.8269230769230769 0.04567307692307692 0.16346153846153846
0 0.7019230769230769 0.8521634615384616 0.0889423076923077 0.20432692307692307
0 0.7115384615384616 0.9591346153846154 0.08413461538461539 0.08052884615384616
0 0.7884615384615384 0.8918269230769231 0.06490384615384616 0.21394230769230768
0 0.8461538461538461 0.7067307692307693 0.10096153846153846 0.22956730769230768
0 0.9038461538461539 0.8954326923076923 0.06971153846153846 0.20793269230769232
0 0.9158653846153846 0.7932692307692307 0.03245192307692308 0.11057692307692307
0 0.9435096153846154 0.7824519230769231 0.025240384615384616 0.11778846153846154
0 0.9711538461538461 0.8834134615384616 0.052884615384615384 0.2283653846153846
0 0.9759615384615384 0.8125 0.04567307692307692 0.1502403846153846