0 0.09375 0.6310096153846154 0.07932692307692307 0.15985576923076922
0 0.11778846153846154 0.59375 0.019230769230769232 0.06610576923076923
0 0.2439903846153846 0.7932692307692307 0.23317307692307693 0.39783653846153844
0 0.2283653846153846 0.7043269230769231 0.18028846153846154 0.3016826923076923
0 0.16466346153846154 0.5348557692307693 0.008413461538461538 0.04447115384615385
0 0.21995192307692307 0.6742788461538461 0.10817307692307693 0.17307692307692307
0 0.17427884615384615 0.546875 0.003605769230769231 0.042067307692307696
0 0.19591346153846154 0.5360576923076923 0.003605769230769231 0.03125
0 0.23197115384615385 0.6117788461538461 0.07211538461538461 0.13221153846153846
0 0.21995192307692307 0.5372596153846154 0.007211538461538462 0.021634615384615384
0 0.30288461538461536 0.6286057692307693 0.0673076923076923 0.15745192307692307
0 0.3449519230769231 0.6911057692307693 0.04927884615384615 0.12860576923076922
0 0.5012019230769231 0.6346153846153846 0.30528846153846156 0.09615384615384616
0 0.39783653846153844 0.7451923076923077 0.0829326923076923 0.1778846153846154
0 0.39783653846153844 0.6418269230769231 0.020432692307692308 0.057692307692307696
0 0.4326923076923077 0.671875 0.040865384615384616 0.07932692307692307
0 0.4543269230769231 0.6862980769230769 0.042067307692307696 0.07692307692307693
0 0.5456730769230769 0.8209134615384616 0.1778846153846154 0.19591346153846154
0 0.5012019230769231 0.6947115384615384 0.07692307692307693 0.09134615384615384
0 0.5865384615384616 0.7391826923076923 0.0733173076923077 0.10096153846153846
0 0.6826923076923077 0.7632211538461539 0.0985576923076923 0.12980769230769232
0 0.7620192307692307 0.6610576923076923 0.21634615384615385 0.07692307692307693
0 0.7620192307692307 0.7247596153846154 0.07091346153846154 0.11177884615384616
0 0.7463942307692307 0.5865384615384616 0.016826923076923076 0.04927884615384615