0 0.6899038461538461 0.5793269230769231 0.09375 0.4567307692307692
0 0.1201923076923077 0.4795673076923077 0.15865384615384615 0.2800480769230769
0 0.3269230769230769 0.5132211538461539 0.037259615384615384 0.06610576923076923
0 0.36538461538461536 0.5288461538461539 0.010817307692307692 0.028846153846153848
0 0.39783653846153844 0.35096153846153844 0.07091346153846154 0.06971153846153846
0 0.3798076923076923 0.59375 0.021634615384615384 0.04927884615384615
0 0.3942307692307692 0.5841346153846154 0.020432692307692308 0.040865384615384616
0 0.5721153846153846 0.5793269230769231 0.12860576923076922 0.4519230769230769
0 0.8125 0.5805288461538461 0.12139423076923077 0.5625
0 0.8665865384615384 0.4387019230769231 0.056490384615384616 0.16947115384615385
0 0.9651442307692307 0.4567307692307692 0.06850961538461539 0.16346153846153846