0 0.25841346153846156 0.578125 0.037259615384615384 0.18389423076923078
0 0.3137019230769231 0.5901442307692307 0.07451923076923077 0.1971153846153846
0 0.3329326923076923 0.578125 0.042067307692307696 0.18990384615384615
0 0.35336538461538464 0.5420673076923077 0.04447115384615385 0.10817307692307693
0 0.38822115384615385 0.5997596153846154 0.06490384615384616 0.13221153846153846
0 0.4326923076923077 0.5673076923076923 0.042067307692307696 0.08653846153846154
0 0.4723557692307692 0.49158653846153844 0.021634615384615384 0.037259615384615384
0 0.4951923076923077 0.49158653846153844 0.013221153846153846 0.040865384615384616
0 0.5132211538461539 0.49759615384615385 0.020432692307692308 0.040865384615384616
0 0.5360576923076923 0.5528846153846154 0.03245192307692308 0.14543269230769232
0 0.5757211538461539 0.59375 0.03365384615384615 0.11177884615384616
0 0.6057692307692307 0.5324519230769231 0.037259615384615384 0.12379807692307693
0 0.6911057692307693 0.6502403846153846 0.140625 0.3173076923076923
0 0.796875 0.5637019230769231 0.042067307692307696 0.1971153846153846
0 0.9122596153846154 0.5060096153846154 0.04447115384615385 0.055288461538461536
0 0.953125 0.6033653846153846 0.04927884615384615 0.23918269230769232