0 0.3173076923076923 0.37259615384615385 0.018028846153846152 0.02403846153846154
0 0.32211538461538464 0.42908653846153844 0.018028846153846152 0.028846153846153848
0 0.32572115384615385 0.4855769230769231 0.015625 0.03485576923076923
0 0.4182692307692308 0.3701923076923077 0.021634615384615384 0.040865384615384616
0 0.4230769230769231 0.43990384615384615 0.025240384615384616 0.037259615384615384
0 0.42427884615384615 0.5036057692307693 0.019230769230769232 0.027644230769230768
0 0.42427884615384615 0.5673076923076923 0.01201923076923077 0.02403846153846154
0 0.4723557692307692 0.36538461538461536 0.014423076923076924 0.038461538461538464
0 0.47475961538461536 0.4326923076923077 0.015625 0.028846153846153848
0 0.47716346153846156 0.5625 0.014423076923076924 0.02283653846153846
0 0.5228365384615384 0.5721153846153846 0.018028846153846152 0.02403846153846154
0 0.5877403846153846 0.3713942307692308 0.030048076923076924 0.052884615384615384
0 0.5901442307692307 0.5264423076923077 0.03365384615384615 0.06610576923076923
0 0.5889423076923077 0.4495192307692308 0.028846153846153848 0.052884615384615384
0 0.5889423076923077 0.6081730769230769 0.02403846153846154 0.04927884615384615
0 0.6526442307692307 0.5240384615384616 0.02403846153846154 0.06009615384615385
0 0.6550480769230769 0.4423076923076923 0.02283653846153846 0.055288461538461536
0 0.7199519230769231 0.5324519230769231 0.028846153846153848 0.06009615384615385
0 0.7211538461538461 0.44471153846153844 0.025240384615384616 0.06009615384615385
0 0.7788461538461539 0.6490384615384616 0.014423076923076924 0.052884615384615384
0 0.7800480769230769 0.5612980769230769 0.014423076923076924 0.0625
0 0.7824519230769231 0.4639423076923077 0.01201923076923077 0.055288461538461536
0 0.7836538461538461 0.3798076923076923 0.015625 0.054086538461538464