0 0.007211538461538462 0.47716346153846156 0.014423076923076924 0.10096153846153846
0 0.03485576923076923 0.4723557692307692 0.06971153846153846 0.2620192307692308
0 0.04807692307692308 0.7115384615384616 0.09615384615384616 0.3954326923076923
0 0.04807692307692308 0.4699519230769231 0.04447115384615385 0.26322115384615385
0 0.07692307692307693 0.4987980769230769 0.03365384615384615 0.32091346153846156
0 0.09975961538461539 0.5252403846153846 0.054086538461538464 0.3473557692307692
0 0.13942307692307693 0.3737980769230769 0.046875 0.09375
0 0.18990384615384615 0.6201923076923077 0.13822115384615385 0.6466346153846154
0 0.30408653846153844 0.6310096153846154 0.19110576923076922 0.5853365384615384
0 0.2403846153846154 0.3798076923076923 0.037259615384615384 0.06971153846153846
0 0.35216346153846156 0.39663461538461536 0.078125 0.13221153846153846
0 0.38221153846153844 0.5084134615384616 0.06490384615384616 0.3485576923076923
0 0.4230769230769231 0.515625 0.11658653846153846 0.3762019230769231
0 0.5685096153846154 0.5 0.07211538461538461 0.3473557692307692
0 0.6766826923076923 0.5036057692307693 0.13942307692307693 0.33052884615384615
0 0.6478365384615384 0.48197115384615385 0.07932692307692307 0.3245192307692308
0 0.7512019230769231 0.47716346153846156 0.08052884615384616 0.26802884615384615
0 0.8088942307692307 0.48677884615384615 0.054086538461538464 0.2764423076923077
0 0.8365384615384616 0.49278846153846156 0.1045673076923077 0.30649038461538464
0 0.9182692307692307 0.4519230769230769 0.04447115384615385 0.23076923076923078
0 0.9471153846153846 0.48677884615384615 0.10336538461538461 0.3173076923076923