0 0.28365384615384615 0.8665865384615384 0.06971153846153846 0.10697115384615384
0 0.057692307692307696 0.78125 0.021634615384615384 0.07572115384615384
0 0.19951923076923078 0.7764423076923077 0.03245192307692308 0.07211538461538461
0 0.21514423076923078 0.7800480769230769 0.02403846153846154 0.07692307692307693
0 0.32572115384615385 0.7079326923076923 0.052884615384615384 0.078125
0 0.3762019230769231 0.6838942307692307 0.013221153846153846 0.03365384615384615
0 0.39302884615384615 0.7632211538461539 0.021634615384615384 0.04326923076923077
0 0.40024038461538464 0.6875 0.02283653846153846 0.04447115384615385
0 0.4230769230769231 0.7439903846153846 0.026442307692307692 0.037259615384615384
0 0.4338942307692308 0.7680288461538461 0.007211538461538462 0.028846153846153848
0 0.48677884615384615 0.7391826923076923 0.018028846153846152 0.021634615384615384
0 0.6887019230769231 0.6814903846153846 0.021634615384615384 0.04927884615384615
0 0.7175480769230769 0.6814903846153846 0.016826923076923076 0.038461538461538464
0 0.7487980769230769 0.6947115384615384 0.019230769230769232 0.02403846153846154
0 0.8689903846153846 0.8641826923076923 0.04807692307692308 0.09014423076923077
0 0.8954326923076923 0.8557692307692307 0.04326923076923077 0.09014423076923077
0 0.9074519230769231 0.7836538461538461 0.037259615384615384 0.052884615384615384
0 0.9278846153846154 0.9170673076923077 0.04326923076923077 0.12139423076923077