0 0.07211538461538461 0.8930288461538461 0.14423076923076922 0.2091346153846154
0 0.14903846153846154 0.5733173076923077 0.24278846153846154 0.45913461538461536
0 0.11778846153846154 0.30528846153846156 0.11778846153846154 0.18269230769230768
0 0.3076923076923077 0.6923076923076923 0.4326923076923077 0.6117788461538461
0 0.1875 0.31971153846153844 0.12980769230769232 0.18509615384615385
0 0.2620192307692308 0.27524038461538464 0.051682692307692304 0.11538461538461539
0 0.39903846153846156 0.5072115384615384 0.1045673076923077 0.31490384615384615
0 0.4098557692307692 0.29927884615384615 0.09735576923076923 0.16706730769230768
0 0.4579326923076923 0.27283653846153844 0.07091346153846154 0.1971153846153846
0 0.5048076923076923 0.3425480769230769 0.07932692307692307 0.2932692307692308
0 0.7247596153846154 0.4795673076923077 0.24278846153846154 0.2692307692307692
0 0.7776442307692307 0.3293269230769231 0.09615384615384616 0.16346153846153846
0 0.9146634615384616 0.29447115384615385 0.16947115384615385 0.1502403846153846
0 0.921875 0.36538461538461536 0.15384615384615385 0.18028846153846154
0 0.9290865384615384 0.5649038461538461 0.13942307692307693 0.2764423076923077