0 0.4014423076923077 0.7295673076923077 0.11658653846153846 0.359375
0 0.32572115384615385 0.5853365384615384 0.08653846153846154 0.08413461538461539
0 0.4254807692307692 0.5276442307692307 0.056490384615384616 0.04447115384615385
0 0.41466346153846156 0.5108173076923077 0.02283653846153846 0.03485576923076923
0 0.4411057692307692 0.5793269230769231 0.04927884615384615 0.1310096153846154
0 0.5576923076923077 0.49759615384615385 0.013221153846153846 0.026442307692307692
0 0.5757211538461539 0.5024038461538461 0.02403846153846154 0.03485576923076923
0 0.6478365384615384 0.5492788461538461 0.037259615384615384 0.08774038461538461
0 0.671875 0.5540865384615384 0.03245192307692308 0.07572115384615384
0 0.6875 0.5348557692307693 0.026442307692307692 0.0829326923076923
0 0.7115384615384616 0.5540865384615384 0.03485576923076923 0.09735576923076923
0 0.7896634615384616 0.5060096153846154 0.02403846153846154 0.026442307692307692