0 0.015625 0.9735576923076923 0.030048076923076924 0.051682692307692304
0 0.11057692307692307 0.8834134615384616 0.02403846153846154 0.078125
0 0.13822115384615385 0.8858173076923077 0.02403846153846154 0.07932692307692307
0 0.14903846153846154 0.9362980769230769 0.020432692307692308 0.06971153846153846
0 0.1875 0.8389423076923077 0.019230769230769232 0.07451923076923077
0 0.22115384615384615 0.8497596153846154 0.025240384615384616 0.06129807692307692
0 0.234375 0.8605769230769231 0.016826923076923076 0.052884615384615384
0 0.34134615384615385 0.8966346153846154 0.020432692307692308 0.037259615384615384
0 0.35336538461538464 0.7668269230769231 0.013221153846153846 0.046875
0 0.3629807692307692 0.7680288461538461 0.010817307692307692 0.057692307692307696
0 0.38822115384615385 0.7836538461538461 0.019230769230769232 0.0673076923076923
0 0.38822115384615385 0.7175480769230769 0.009615384615384616 0.04807692307692308
0 0.42788461538461536 0.8064903846153846 0.013221153846153846 0.06370192307692307
0 0.45072115384615385 0.7872596153846154 0.01201923076923077 0.055288461538461536
0 0.4579326923076923 0.7283653846153846 0.009615384615384616 0.04927884615384615
0 0.4723557692307692 0.7307692307692307 0.018028846153846152 0.04807692307692308
0 0.7956730769230769 0.7175480769230769 0.3641826923076923 0.5637019230769231