0 0.7572115384615384 0.7728365384615384 0.11899038461538461 0.4423076923076923
0 0.5 0.6466346153846154 0.9987980769230769 0.48197115384615385
0 0.078125 0.7680288461538461 0.054086538461538464 0.19471153846153846
0 0.296875 0.7451923076923077 0.06490384615384616 0.1502403846153846
0 0.4014423076923077 0.7271634615384616 0.08052884615384616 0.14543269230769232
0 0.5264423076923077 0.7043269230769231 0.12860576923076922 0.12139423076923077
0 0.8545673076923077 0.6478365384615384 0.042067307692307696 0.1778846153846154
0 0.8822115384615384 0.7584134615384616 0.07572115384615384 0.3329326923076923
0 0.890625 0.6009615384615384 0.038461538461538464 0.08533653846153846
0 0.9326923076923077 0.5769230769230769 0.039663461538461536 0.0889423076923077
0 0.9435096153846154 0.671875 0.05889423076923077 0.1935096153846154
0 0.9651442307692307 0.6334134615384616 0.027644230769230768 0.20552884615384615