0 0.09375 0.9519230769230769 0.1875 0.09134615384615384
0 0.5 0.6514423076923077 0.9987980769230769 0.5048076923076923
0 0.21995192307692307 0.9387019230769231 0.020432692307692308 0.07692307692307693
0 0.26322115384615385 0.9471153846153846 0.02403846153846154 0.09014423076923077
0 0.29927884615384615 0.9182692307692307 0.027644230769230768 0.09014423076923077
0 0.3449519230769231 0.90625 0.02283653846153846 0.08533653846153846
0 0.46033653846153844 0.9675480769230769 0.020432692307692308 0.06370192307692307
0 0.7956730769230769 0.9362980769230769 0.036057692307692304 0.08774038461538461
0 0.7992788461538461 0.2848557692307692 0.015625 0.055288461538461536
0 0.8233173076923077 0.27163461538461536 0.020432692307692308 0.06009615384615385
0 0.8545673076923077 0.8245192307692307 0.030048076923076924 0.09735576923076923
0 0.9387019230769231 0.8521634615384616 0.02403846153846154 0.08533653846153846
0 0.9639423076923077 0.8173076923076923 0.028846153846153848 0.09975961538461539
0 0.9831730769230769 0.7956730769230769 0.019230769230769232 0.052884615384615384