0 0.22355769230769232 0.24158653846153846 0.44711538461538464 0.4831730769230769
0 0.24879807692307693 0.9050480769230769 0.28966346153846156 0.18870192307692307
0 0.16346153846153846 0.5024038461538461 0.040865384615384616 0.10817307692307693
0 0.20192307692307693 0.796875 0.11298076923076923 0.15144230769230768
0 0.17307692307692307 0.5072115384615384 0.030048076923076924 0.12379807692307693
0 0.23317307692307693 0.5661057692307693 0.08533653846153846 0.15625
0 0.3401442307692308 0.6141826923076923 0.0985576923076923 0.23798076923076922
0 0.3233173076923077 0.5204326923076923 0.046875 0.15625
0 0.7235576923076923 0.25 0.5480769230769231 0.5
0 0.53125 0.4807692307692308 0.027644230769230768 0.09615384615384616
0 0.6057692307692307 0.5444711538461539 0.057692307692307696 0.15384615384615385
0 0.6790865384615384 0.5048076923076923 0.038461538461538464 0.09375