0 0.018028846153846152 0.45072115384615385 0.03125 0.1201923076923077
0 0.038461538461538464 0.5072115384615384 0.038461538461538464 0.11778846153846154
0 0.19831730769230768 0.4567307692307692 0.018028846153846152 0.08774038461538461
0 0.21875 0.46634615384615385 0.016826923076923076 0.08413461538461539
0 0.33774038461538464 0.4387019230769231 0.019230769230769232 0.10096153846153846
0 0.5793269230769231 0.41947115384615385 0.013221153846153846 0.05889423076923077
0 0.6586538461538461 0.49278846153846156 0.039663461538461536 0.20432692307692307
0 0.7451923076923077 0.49278846153846156 0.02403846153846154 0.19471153846153846
0 0.7668269230769231 0.5048076923076923 0.020432692307692308 0.18269230769230768
0 0.7884615384615384 0.4891826923076923 0.019230769230769232 0.18629807692307693
0 0.8028846153846154 0.5841346153846154 0.019230769230769232 0.12740384615384615
0 0.8521634615384616 0.5709134615384616 0.055288461538461536 0.15384615384615385
0 0.8858173076923077 0.5324519230769231 0.03365384615384615 0.16947115384615385
0 0.9375 0.5649038461538461 0.06009615384615385 0.2764423076923077