0 0.40625 0.6923076923076923 0.06129807692307692 0.2512019230769231
0 0.039663461538461536 0.05048076923076923 0.04326923076923077 0.09495192307692307
0 0.046875 0.5697115384615384 0.037259615384615384 0.0733173076923077
0 0.07932692307692307 0.04447115384615385 0.040865384615384616 0.08533653846153846
0 0.0889423076923077 0.5564903846153846 0.056490384615384616 0.09014423076923077
0 0.14543269230769232 0.5504807692307693 0.037259615384615384 0.07692307692307693
0 0.19230769230769232 0.12860576923076922 0.11298076923076923 0.07692307692307693
0 0.18509615384615385 0.5480769230769231 0.038461538461538464 0.07211538461538461
0 0.1971153846153846 0.03245192307692308 0.04927884615384615 0.06490384615384616
0 0.2848557692307692 0.054086538461538464 0.040865384615384616 0.0829326923076923
0 0.5588942307692307 0.13581730769230768 0.35336538461538464 0.27163461538461536
0 0.5108173076923077 0.6514423076923077 0.06009615384615385 0.24278846153846154
0 0.5649038461538461 0.6442307692307693 0.06850961538461539 0.22956730769230768
0 0.8425480769230769 0.16466346153846154 0.18028846153846154 0.1502403846153846
0 0.8834134615384616 0.08653846153846154 0.04567307692307692 0.09254807692307693
0 0.9423076923076923 0.0829326923076923 0.04927884615384615 0.11778846153846154
0 0.9747596153846154 0.07692307692307693 0.03365384615384615 0.12259615384615384