0 0.025240384615384616 0.27403846153846156 0.05048076923076923 0.0985576923076923
0 0.027644230769230768 0.08533653846153846 0.055288461538461536 0.17067307692307693
0 0.028846153846153848 0.8798076923076923 0.057692307692307696 0.20793269230769232
0 0.040865384615384616 0.19951923076923078 0.08052884615384616 0.054086538461538464
0 0.051682692307692304 0.4483173076923077 0.10336538461538461 0.10817307692307693
0 0.07692307692307693 0.3293269230769231 0.140625 0.11778846153846154
0 0.036057692307692304 0.8966346153846154 0.04807692307692308 0.20552884615384615
0 0.08533653846153846 0.8762019230769231 0.06850961538461539 0.2127403846153846
0 0.1502403846153846 0.05048076923076923 0.1875 0.051682692307692304
0 0.16105769230769232 0.09014423076923077 0.20192307692307693 0.06370192307692307
0 0.09975961538461539 0.8870192307692307 0.07572115384615384 0.22355769230769232
0 0.17307692307692307 0.13942307692307693 0.19951923076923078 0.06850961538461539
0 0.18389423076923078 0.20432692307692307 0.21153846153846154 0.06009615384615385
0 0.13341346153846154 0.45072115384615385 0.06370192307692307 0.09014423076923077
0 0.13822115384615385 0.8810096153846154 0.03245192307692308 0.19471153846153846
0 0.1875 0.016826923076923076 0.125 0.03245192307692308
0 0.16466346153846154 0.8918269230769231 0.056490384615384616 0.2127403846153846
0 0.20072115384615385 0.44591346153846156 0.078125 0.09254807692307693
0 0.2247596153846154 0.25240384615384615 0.11177884615384616 0.037259615384615384
0 0.19471153846153846 0.4026442307692308 0.018028846153846152 0.026442307692307692
0 0.21875 0.8810096153846154 0.055288461538461536 0.22115384615384615
0 0.25841346153846156 0.8942307692307693 0.036057692307692304 0.20673076923076922
0 0.2692307692307692 0.4483173076923077 0.054086538461538464 0.08653846153846154
0 0.31971153846153844 0.07932692307692307 0.13942307692307693 0.15745192307692307
0 0.2860576923076923 0.9050480769230769 0.056490384615384616 0.1875
0 0.28365384615384615 0.7644230769230769 0.010817307692307692 0.019230769230769232
0 0.36538461538461536 0.27403846153846156 0.15264423076923078 0.21514423076923078
0 0.3449519230769231 0.4387019230769231 0.10096153846153846 0.0733173076923077
0 0.36538461538461536 0.5060096153846154 0.14182692307692307 0.1502403846153846
0 0.31490384615384615 0.8737980769230769 0.030048076923076924 0.18629807692307693
0 0.35697115384615385 0.8762019230769231 0.06009615384615385 0.2439903846153846
0 0.36538461538461536 0.8665865384615384 0.06850961538461539 0.20673076923076922
0 0.4411057692307692 0.08533653846153846 0.11298076923076923 0.17067307692307693
0 0.4326923076923077 0.4423076923076923 0.07692307692307693 0.0733173076923077
0 0.4098557692307692 0.39903846153846156 0.02403846153846154 0.02403846153846154
0 0.43028846153846156 0.8882211538461539 0.04927884615384615 0.22115384615384615
0 0.46875 0.2824519230769231 0.10817307692307693 0.21153846153846154
0 0.4519230769230769 0.8725961538461539 0.046875 0.22956730769230768
0 0.4543269230769231 0.47475961538461536 0.027644230769230768 0.08653846153846154
0 0.5372596153846154 0.08173076923076923 0.14783653846153846 0.16346153846153846
0 0.4795673076923077 0.7367788461538461 0.02283653846153846 0.056490384615384616
0 0.5144230769230769 0.44471153846153844 0.08653846153846154 0.0829326923076923
0 0.5024038461538461 0.8822115384615384 0.05889423076923077 0.20673076923076922
0 0.48197115384615385 0.4014423076923077 0.014423076923076924 0.013221153846153846
0 0.5108173076923077 0.765625 0.06129807692307692 0.027644230769230768
0 0.5 0.7247596153846154 0.016826923076923076 0.038461538461538464
0 0.5216346153846154 0.8870192307692307 0.055288461538461536 0.203125
0 0.5757211538461539 0.28365384615384615 0.16346153846153846 0.20192307692307693
0 0.5336538461538461 0.5060096153846154 0.04326923076923077 0.11057692307692307
0 0.5564903846153846 0.8557692307692307 0.03485576923076923 0.16346153846153846
0 0.5697115384615384 0.6201923076923077 0.04807692307692308 0.1346153846153846
0 0.5829326923076923 0.8858173076923077 0.055288461538461536 0.22235576923076922
0 0.6129807692307693 0.45072115384615385 0.11778846153846154 0.09254807692307693
0 0.5877403846153846 0.5240384615384616 0.055288461538461536 0.14302884615384615
0 0.6418269230769231 0.0889423076923077 0.13942307692307693 0.1778846153846154
0 0.6382211538461539 0.8665865384615384 0.055288461538461536 0.22355769230769232
0 0.6971153846153846 0.28125 0.08173076923076923 0.20673076923076922
0 0.7115384615384616 0.44350961538461536 0.07572115384615384 0.08774038461538461
0 0.7764423076923077 0.009615384615384616 0.20072115384615385 0.019230769230769232
0 0.7884615384615384 0.037259615384615384 0.20432692307692307 0.04326923076923077
0 0.7103365384615384 0.4987980769230769 0.03245192307692308 0.09735576923076923
0 0.7944711538461539 0.07692307692307693 0.18990384615384615 0.046875
0 0.7596153846153846 0.21033653846153846 0.09375 0.0985576923076923
0 0.7259615384615384 0.4074519230769231 0.019230769230769232 0.02283653846153846
0 0.75 0.1310096153846154 0.0625 0.07692307692307693
0 0.7548076923076923 0.9242788461538461 0.0673076923076923 0.1466346153846154
0 0.8004807692307693 0.32091346153846156 0.13221153846153846 0.13341346153846154
0 0.8040865384615384 0.44350961538461536 0.10576923076923077 0.09134615384615384
0 0.796875 0.625 0.037259615384615384 0.12740384615384615
0 0.8545673076923077 0.19230769230769232 0.10576923076923077 0.08653846153846154
0 0.8233173076923077 0.7608173076923077 0.013221153846153846 0.014423076923076924
0 0.8810096153846154 0.13221153846153846 0.08052884615384616 0.06971153846153846
0 0.890625 0.44591346153846156 0.06971153846153846 0.08413461538461539
0 0.9326923076923077 0.3076923076923077 0.12980769230769232 0.15384615384615385
0 0.9399038461538461 0.09735576923076923 0.11778846153846154 0.19471153846153846
0 0.9002403846153846 0.8088942307692307 0.02403846153846154 0.12620192307692307
0 0.9266826923076923 0.4254807692307692 0.016826923076923076 0.054086538461538464
0 0.9603365384615384 0.21153846153846154 0.078125 0.056490384615384616
0 0.9711538461538461 0.8629807692307693 0.055288461538461536 0.22355769230769232
0 0.9711538461538461 0.7908653846153846 0.052884615384615384 0.17307692307692307
0 0.96875 0.8473557692307693 0.042067307692307696 0.203125
0 0.9735576923076923 0.45072115384615385 0.04807692307692308 0.0889423076923077