0 0.018028846153846152 0.5721153846153846 0.027644230769230768 0.07211538461538461
0 0.040865384615384616 0.5853365384615384 0.018028846153846152 0.0985576923076923
0 0.07211538461538461 0.5709134615384616 0.02403846153846154 0.0733173076923077
0 0.09495192307692307 0.65625 0.04326923076923077 0.24759615384615385
0 0.17548076923076922 0.6298076923076923 0.03485576923076923 0.17548076923076922
0 0.24519230769230768 0.6394230769230769 0.03485576923076923 0.08653846153846154
0 0.265625 0.6370192307692307 0.036057692307692304 0.0733173076923077
0 0.2620192307692308 0.5721153846153846 0.021634615384615384 0.07211538461538461
0 0.2848557692307692 0.6117788461538461 0.030048076923076924 0.13341346153846154
0 0.3137019230769231 0.5612980769230769 0.014423076923076924 0.05048076923076923
0 0.32091346153846156 0.6334134615384616 0.019230769230769232 0.10216346153846154
0 0.3317307692307692 0.5600961538461539 0.015625 0.051682692307692304
0 0.34975961538461536 0.6189903846153846 0.042067307692307696 0.13581730769230768
0 0.3425480769230769 0.5504807692307693 0.003605769230769231 0.046875
0 0.3605769230769231 0.5625 0.018028846153846152 0.04326923076923077
0 0.3870192307692308 0.5985576923076923 0.028846153846153848 0.13341346153846154
0 0.40865384615384615 0.6009615384615384 0.027644230769230768 0.14783653846153846
0 0.4326923076923077 0.5973557692307693 0.021634615384615384 0.11778846153846154
0 0.44591346153846156 0.6045673076923077 0.03365384615384615 0.11778846153846154
0 0.4579326923076923 0.5949519230769231 0.01201923076923077 0.10576923076923077
0 0.484375 0.5865384615384616 0.025240384615384616 0.11177884615384616
0 0.5 0.5817307692307693 0.027644230769230768 0.09735576923076923
0 0.5192307692307693 0.6286057692307693 0.04326923076923077 0.17548076923076922
0 0.5444711538461539 0.6646634615384616 0.03365384615384615 0.13942307692307693
0 0.5673076923076923 0.6141826923076923 0.028846153846153848 0.16706730769230768
0 0.6274038461538461 0.6394230769230769 0.039663461538461536 0.09735576923076923
0 0.6358173076923077 0.5817307692307693 0.03245192307692308 0.08533653846153846
0 0.6887019230769231 0.6213942307692307 0.038461538461538464 0.18870192307692307
0 0.7704326923076923 0.5817307692307693 0.021634615384615384 0.10096153846153846
0 0.8064903846153846 0.6045673076923077 0.04927884615384615 0.15625
0 0.8353365384615384 0.6201923076923077 0.038461538461538464 0.16947115384615385
0 0.8846153846153846 0.7235576923076923 0.07451923076923077 0.4182692307692308
0 0.9230769230769231 0.6021634615384616 0.02403846153846154 0.1201923076923077
0 0.9447115384615384 0.6069711538461539 0.028846153846153848 0.15745192307692307
0 0.9723557692307693 0.6141826923076923 0.03245192307692308 0.1622596153846154
0 0.9915865384615384 0.6057692307692307 0.015625 0.17307692307692307