0 0.038461538461538464 0.45552884615384615 0.018028846153846152 0.06610576923076923
0 0.054086538461538464 0.45072115384615385 0.019230769230769232 0.0625
0 0.12740384615384615 0.5132211538461539 0.04927884615384615 0.17908653846153846
0 0.1201923076923077 0.4362980769230769 0.019230769230769232 0.051682692307692304
0 0.14182692307692307 0.4326923076923077 0.014423076923076924 0.04927884615384615
0 0.16826923076923078 0.4567307692307692 0.021634615384615384 0.07932692307692307
0 0.1622596153846154 0.44350961538461536 0.007211538461538462 0.0625
0 0.18629807692307693 0.453125 0.009615384615384616 0.07091346153846154
0 0.1971153846153846 0.453125 0.020432692307692308 0.07451923076923077
0 0.22355769230769232 0.4879807692307692 0.03245192307692308 0.15625
0 0.24759615384615385 0.43509615384615385 0.02283653846153846 0.052884615384615384
0 0.26802884615384615 0.44711538461538464 0.01201923076923077 0.0673076923076923
0 0.3112980769230769 0.44591346153846156 0.010817307692307692 0.057692307692307696
0 0.3605769230769231 0.5697115384615384 0.0829326923076923 0.35216346153846156
0 0.32572115384615385 0.44711538461538464 0.01201923076923077 0.07692307692307693
0 0.38461538461538464 0.46153846153846156 0.038461538461538464 0.12740384615384615
0 0.3942307692307692 0.4495192307692308 0.01201923076923077 0.0829326923076923
0 0.41586538461538464 0.4375 0.018028846153846152 0.05889423076923077
0 0.6490384615384616 0.5084134615384616 0.042067307692307696 0.20673076923076922
0 0.6526442307692307 0.40625 0.025240384615384616 0.051682692307692304
0 0.6875 0.5192307692307693 0.057692307692307696 0.25841346153846156
0 0.7043269230769231 0.4230769230769231 0.008413461538461538 0.036057692307692304
0 0.7211538461538461 0.4362980769230769 0.016826923076923076 0.051682692307692304
0 0.7307692307692307 0.44591346153846156 0.008413461538461538 0.04567307692307692
0 0.7463942307692307 0.4483173076923077 0.013221153846153846 0.04567307692307692
0 0.7740384615384616 0.5612980769230769 0.056490384615384616 0.10096153846153846
0 0.7956730769230769 0.4987980769230769 0.030048076923076924 0.109375
0 0.7908653846153846 0.43990384615384615 0.013221153846153846 0.026442307692307692
0 0.8521634615384616 0.49399038461538464 0.03365384615384615 0.20432692307692307
0 0.8774038461538461 0.49759615384615385 0.037259615384615384 0.17427884615384615
0 0.9026442307692307 0.5649038461538461 0.06009615384615385 0.12980769230769232
0 0.9110576923076923 0.47716346153846156 0.03485576923076923 0.18509615384615385
0 0.9795673076923077 0.453125 0.036057692307692304 0.12620192307692307