0 0.020432692307692308 0.6610576923076923 0.040865384615384616 0.23557692307692307
0 0.08052884615384616 0.6658653846153846 0.055288461538461536 0.21514423076923078
0 0.1971153846153846 0.7560096153846154 0.08052884615384616 0.4014423076923077
0 0.21875 0.7235576923076923 0.08052884615384616 0.40024038461538464
0 0.27403846153846156 0.7439903846153846 0.07451923076923077 0.4110576923076923
0 0.328125 0.7391826923076923 0.07091346153846154 0.3858173076923077
0 0.38461538461538464 0.7596153846153846 0.06850961538461539 0.37259615384615385
0 0.42788461538461536 0.7355769230769231 0.06971153846153846 0.39302884615384615
0 0.47836538461538464 0.7512019230769231 0.0829326923076923 0.3713942307692308
0 0.47596153846153844 0.8040865384615384 0.06850961538461539 0.3088942307692308
0 0.5444711538461539 0.765625 0.055288461538461536 0.3629807692307692
0 0.5889423076923077 0.7752403846153846 0.06370192307692307 0.359375
0 0.640625 0.78125 0.078125 0.4014423076923077
0 0.7211538461538461 0.7896634615384616 0.08774038461538461 0.41586538461538464