0 0.007211538461538462 0.5504807692307693 0.014423076923076924 0.06971153846153846
0 0.018028846153846152 0.5865384615384616 0.028846153846153848 0.06009615384615385
0 0.019230769230769232 0.6778846153846154 0.03365384615384615 0.11658653846153846
0 0.039663461538461536 0.7091346153846154 0.051682692307692304 0.22596153846153846
0 0.038461538461538464 0.5504807692307693 0.02403846153846154 0.06971153846153846
0 0.07692307692307693 0.7199519230769231 0.04567307692307692 0.2548076923076923
0 0.06610576923076923 0.5600961538461539 0.018028846153846152 0.07932692307692307
0 0.08052884615384616 0.5625 0.013221153846153846 0.08774038461538461
0 0.10096153846153846 0.5769230769230769 0.021634615384615384 0.10216346153846154
0 0.12259615384615384 0.7055288461538461 0.04567307692307692 0.17908653846153846
0 0.140625 0.5625 0.027644230769230768 0.07211538461538461
0 0.16105769230769232 0.6334134615384616 0.028846153846153848 0.06850961538461539
0 0.15865384615384615 0.6069711538461539 0.018028846153846152 0.046875
0 0.16826923076923078 0.7139423076923077 0.03485576923076923 0.16346153846153846
0 0.17908653846153846 0.5685096153846154 0.028846153846153848 0.056490384615384616
0 0.1971153846153846 0.6947115384615384 0.054086538461538464 0.21875
0 0.19471153846153846 0.5721153846153846 0.025240384615384616 0.06971153846153846
0 0.23076923076923078 0.5793269230769231 0.019230769230769232 0.06850961538461539
0 0.23918269230769232 0.6394230769230769 0.020432692307692308 0.036057692307692304
0 0.25 0.5793269230769231 0.021634615384615384 0.07572115384615384
0 0.2776442307692308 0.6586538461538461 0.07091346153846154 0.20432692307692307
0 0.2704326923076923 0.6334134615384616 0.02403846153846154 0.0625
0 0.2704326923076923 0.6069711538461539 0.018028846153846152 0.028846153846153848
0 0.2956730769230769 0.5709134615384616 0.021634615384615384 0.057692307692307696
0 0.31009615384615385 0.6322115384615384 0.016826923076923076 0.05048076923076923
0 0.3137019230769231 0.6670673076923077 0.02403846153846154 0.0733173076923077
0 0.33774038461538464 0.6586538461538461 0.039663461538461536 0.0829326923076923
0 0.3329326923076923 0.5829326923076923 0.027644230769230768 0.06610576923076923
0 0.33052884615384615 0.6262019230769231 0.014423076923076924 0.027644230769230768
0 0.33533653846153844 0.6490384615384616 0.019230769230769232 0.027644230769230768
0 0.3581730769230769 0.5793269230769231 0.014423076923076924 0.055288461538461536
0 0.3629807692307692 0.6790865384615384 0.021634615384615384 0.04326923076923077
0 0.3737980769230769 0.5889423076923077 0.016826923076923076 0.06971153846153846
0 0.3786057692307692 0.65625 0.019230769230769232 0.078125
0 0.4014423076923077 0.6826923076923077 0.027644230769230768 0.05048076923076923
0 0.39663461538461536 0.6298076923076923 0.01201923076923077 0.019230769230769232
0 0.40024038461538464 0.5841346153846154 0.018028846153846152 0.06370192307692307
0 0.4014423076923077 0.6442307692307693 0.018028846153846152 0.027644230769230768
0 0.4110576923076923 0.5865384615384616 0.016826923076923076 0.06610576923076923
0 0.4375 0.6610576923076923 0.04927884615384615 0.06490384615384616
0 0.4338942307692308 0.6021634615384616 0.014423076923076924 0.040865384615384616
0 0.4338942307692308 0.6334134615384616 0.01201923076923077 0.027644230769230768
0 0.4411057692307692 0.5853365384615384 0.009615384615384616 0.056490384615384616
0 0.453125 0.5913461538461539 0.019230769230769232 0.06129807692307692
0 0.46153846153846156 0.6550480769230769 0.028846153846153848 0.052884615384615384
0 0.4735576923076923 0.5805288461538461 0.020432692307692308 0.052884615384615384
0 0.47596153846153844 0.6370192307692307 0.026442307692307692 0.046875
0 0.5024038461538461 0.578125 0.025240384615384616 0.056490384615384616
0 0.5048076923076923 0.6370192307692307 0.020432692307692308 0.03125
0 0.5108173076923077 0.6598557692307693 0.026442307692307692 0.037259615384615384
0 0.5180288461538461 0.578125 0.015625 0.056490384615384616
0 0.5204326923076923 0.6237980769230769 0.009615384615384616 0.03365384615384615
0 0.5264423076923077 0.5817307692307693 0.021634615384615384 0.052884615384615384
0 0.5324519230769231 0.6646634615384616 0.018028846153846152 0.046875
0 0.5625 0.6838942307692307 0.07091346153846154 0.030048076923076924
0 0.5432692307692307 0.6165865384615384 0.028846153846153848 0.0829326923076923
0 0.5504807692307693 0.5733173076923077 0.014423076923076924 0.025240384615384616
0 0.5637019230769231 0.5769230769230769 0.015625 0.046875
0 0.5685096153846154 0.6598557692307693 0.025240384615384616 0.05889423076923077
0 0.5745192307692307 0.6478365384615384 0.025240384615384616 0.04807692307692308
0 0.5769230769230769 0.5961538461538461 0.013221153846153846 0.054086538461538464
0 0.5985576923076923 0.6045673076923077 0.02283653846153846 0.056490384615384616
0 0.5973557692307693 0.6129807692307693 0.014423076923076924 0.037259615384615384
0 0.6069711538461539 0.6658653846153846 0.03245192307692308 0.06610576923076923
0 0.6225961538461539 0.7115384615384616 0.04567307692307692 0.046875
0 0.6370192307692307 0.8088942307692307 0.06370192307692307 0.12379807692307693
0 0.6262019230769231 0.5841346153846154 0.025240384615384616 0.06009615384615385
0 0.6286057692307693 0.6887019230769231 0.01201923076923077 0.04447115384615385
0 0.6322115384615384 0.6622596153846154 0.019230769230769232 0.0625
0 0.6442307692307693 0.7127403846153846 0.025240384615384616 0.039663461538461536
0 0.6442307692307693 0.5865384615384616 0.02283653846153846 0.03245192307692308
0 0.6550480769230769 0.6165865384615384 0.027644230769230768 0.0829326923076923
0 0.6610576923076923 0.7079326923076923 0.025240384615384616 0.06009615384615385
0 0.6802884615384616 0.6490384615384616 0.04927884615384615 0.05889423076923077
0 0.671875 0.5829326923076923 0.009615384615384616 0.03365384615384615
0 0.7055288461538461 0.8137019230769231 0.07572115384615384 0.13341346153846154
0 0.6838942307692307 0.5997596153846154 0.02283653846153846 0.046875
0 0.6935096153846154 0.6598557692307693 0.039663461538461536 0.07211538461538461
0 0.6959134615384616 0.7115384615384616 0.04326923076923077 0.0625
0 0.6899038461538461 0.5841346153846154 0.01201923076923077 0.03245192307692308
0 0.6995192307692307 0.6033653846153846 0.021634615384615384 0.036057692307692304
0 0.7175480769230769 0.7079326923076923 0.028846153846153848 0.06009615384615385
0 0.7175480769230769 0.5925480769230769 0.02403846153846154 0.046875
0 0.7235576923076923 0.6346153846153846 0.026442307692307692 0.0733173076923077
0 0.7331730769230769 0.6694711538461539 0.025240384615384616 0.13822115384615385
0 0.7367788461538461 0.6911057692307693 0.021634615384615384 0.028846153846153848
0 0.7704326923076923 0.8209134615384616 0.07211538461538461 0.16105769230769232
0 0.7644230769230769 0.6634615384615384 0.039663461538461536 0.12740384615384615
0 0.7884615384615384 0.6033653846153846 0.016826923076923076 0.054086538461538464
0 0.8100961538461539 0.6610576923076923 0.028846153846153848 0.1201923076923077
0 0.8305288461538461 0.8028846153846154 0.055288461538461536 0.13221153846153846
0 0.8329326923076923 0.6286057692307693 0.03245192307692308 0.06490384615384616
0 0.8401442307692307 0.6887019230769231 0.037259615384615384 0.09134615384615384
0 0.8774038461538461 0.7439903846153846 0.06610576923076923 0.08052884615384616
0 0.8665865384615384 0.6610576923076923 0.036057692307692304 0.1466346153846154
0 0.9471153846153846 0.8762019230769231 0.10336538461538461 0.21394230769230768
0 0.9170673076923077 0.6622596153846154 0.026442307692307692 0.125
0 0.9495192307692307 0.7872596153846154 0.08052884615384616 0.09495192307692307
0 0.9495192307692307 0.6899038461538461 0.06610576923076923 0.109375
0 0.9362980769230769 0.6213942307692307 0.01201923076923077 0.07572115384615384
0 0.9579326923076923 0.7439903846153846 0.04807692307692308 0.07211538461538461
0 0.9663461538461539 0.6153846153846154 0.020432692307692308 0.07572115384615384
0 0.9819711538461539 0.640625 0.030048076923076924 0.09134615384615384