0 0.5024038461538461 0.5649038461538461 0.19951923076923078 0.2692307692307692
0 0.2608173076923077 0.45913461538461536 0.2692307692307692 0.35697115384615385
0 0.18990384615384615 0.7524038461538461 0.09134615384615384 0.07572115384615384
0 0.1778846153846154 0.6334134615384616 0.037259615384615384 0.04447115384615385
0 0.20432692307692307 0.6081730769230769 0.025240384615384616 0.025240384615384616
0 0.21394230769230768 0.6370192307692307 0.03365384615384615 0.051682692307692304
0 0.25 0.9879807692307693 0.0985576923076923 0.02283653846153846
0 0.2439903846153846 0.6334134615384616 0.040865384615384616 0.04807692307692308
0 0.25240384615384615 0.6105769230769231 0.030048076923076924 0.052884615384615384
0 0.29086538461538464 0.6117788461538461 0.020432692307692308 0.027644230769230768
0 0.30408653846153844 0.6346153846153846 0.027644230769230768 0.056490384615384616
0 0.3088942307692308 0.6033653846153846 0.020432692307692308 0.036057692307692304
0 0.6682692307692307 0.4651442307692308 0.30528846153846156 0.3954326923076923
0 0.6466346153846154 0.9879807692307693 0.11538461538461539 0.02283653846153846
0 0.7199519230769231 0.5985576923076923 0.15264423076923078 0.13822115384615385