0 0.203125 0.7752403846153846 0.31850961538461536 0.44711538461538464
0 0.38100961538461536 0.6057692307692307 0.12620192307692307 0.7403846153846154
0 0.46153846153846156 0.6262019230769231 0.12379807692307693 0.3858173076923077
0 0.5853365384615384 0.7487980769230769 0.3112980769230769 0.5
0 0.5252403846153846 0.6225961538461539 0.06129807692307692 0.39903846153846156
0 0.5841346153846154 0.4723557692307692 0.06610576923076923 0.11899038461538461
0 0.6610576923076923 0.5408653846153846 0.09735576923076923 0.21514423076923078
0 0.7223557692307693 0.6286057692307693 0.13942307692307693 0.43028846153846156
0 0.7944711538461539 0.6418269230769231 0.18028846153846154 0.4362980769230769
0 0.8737980769230769 0.6622596153846154 0.19110576923076922 0.4423076923076923
0 0.9651442307692307 0.3269230769230769 0.06850961538461539 0.2127403846153846
0 0.96875 0.5144230769230769 0.06009615384615385 0.32211538461538464