0 0.11899038461538461 0.796875 0.06009615384615385 0.10096153846153846
0 0.3737980769230769 0.7415865384615384 0.06370192307692307 0.17067307692307693
0 0.359375 0.6286057692307693 0.026442307692307692 0.14783653846153846
0 0.39302884615384615 0.9579326923076923 0.06370192307692307 0.0829326923076923
0 0.38461538461538464 0.578125 0.03245192307692308 0.13221153846153846
0 0.4110576923076923 0.6322115384615384 0.040865384615384616 0.15384615384615385
0 0.42427884615384615 0.5348557692307693 0.039663461538461536 0.12139423076923077
0 0.4675480769230769 0.5769230769230769 0.055288461538461536 0.14182692307692307
0 0.4855769230769231 0.7788461538461539 0.04927884615384615 0.18509615384615385
0 0.546875 0.6658653846153846 0.038461538461538464 0.16826923076923078
0 0.546875 0.5048076923076923 0.03245192307692308 0.09735576923076923
0 0.625 0.7067307692307693 0.07572115384615384 0.17668269230769232
0 0.6021634615384616 0.5396634615384616 0.02403846153846154 0.13221153846153846
0 0.7067307692307693 0.5997596153846154 0.037259615384615384 0.15384615384615385
0 0.7127403846153846 0.5348557692307693 0.03485576923076923 0.0625
0 0.7427884615384616 0.48197115384615385 0.025240384615384616 0.10336538461538461
0 0.7572115384615384 0.5625 0.03485576923076923 0.10576923076923077