0 0.03485576923076923 0.7740384615384616 0.06850961538461539 0.23317307692307693
0 0.02403846153846154 0.9098557692307693 0.04447115384615385 0.1778846153846154
0 0.09014423076923077 0.8930288461538461 0.08774038461538461 0.21153846153846154
0 0.10817307692307693 0.7752403846153846 0.09134615384615384 0.23677884615384615
0 0.1658653846153846 0.9723557692307693 0.04447115384615385 0.052884615384615384
0 0.1875 0.8930288461538461 0.07692307692307693 0.203125
0 0.21033653846153846 0.7560096153846154 0.09975961538461539 0.23918269230769232
0 0.20192307692307693 0.39903846153846156 0.078125 0.27524038461538464
0 0.27403846153846156 0.8762019230769231 0.09615384615384616 0.203125
0 0.29927884615384615 0.7884615384615384 0.10096153846153846 0.2620192307692308
0 0.296875 0.390625 0.08052884615384616 0.2668269230769231
0 0.28365384615384615 0.9699519230769231 0.040865384615384616 0.057692307692307696
0 0.38221153846153844 0.3954326923076923 0.06971153846153846 0.27524038461538464
0 0.4326923076923077 0.8786057692307693 0.10697115384615384 0.24158653846153846
0 0.4723557692307692 0.9399038461538461 0.11057692307692307 0.11778846153846154
0 0.47475961538461536 0.3954326923076923 0.08413461538461539 0.27524038461538464
0 0.5673076923076923 0.8353365384615384 0.12740384615384615 0.3269230769230769
0 0.5504807692307693 0.38221153846153844 0.07572115384615384 0.25841346153846156
0 0.6189903846153846 0.8389423076923077 0.06009615384615385 0.32091346153846156
0 0.6262019230769231 0.7572115384615384 0.06610576923076923 0.1466346153846154
0 0.6502403846153846 0.39663461538461536 0.07451923076923077 0.265625
0 0.6802884615384616 0.8569711538461539 0.10096153846153846 0.28365384615384615
0 0.6899038461538461 0.734375 0.0733173076923077 0.13942307692307693
0 0.7536057692307693 0.7271634615384616 0.0733173076923077 0.16826923076923078
0 0.7704326923076923 0.8521634615384616 0.0889423076923077 0.21634615384615385
0 0.7752403846153846 0.9471153846153846 0.09495192307692307 0.10336538461538461
0 0.8389423076923077 0.7235576923076923 0.1045673076923077 0.19471153846153846
0 0.8293269230769231 0.3942307692307692 0.08173076923076923 0.30408653846153844
0 0.8569711538461539 0.859375 0.09975961538461539 0.20192307692307693
0 0.8870192307692307 0.9471153846153846 0.10576923076923077 0.10336538461538461
0 0.9266826923076923 0.7307692307692307 0.09615384615384616 0.21995192307692307
0 0.9519230769230769 0.8629807692307693 0.09375 0.19831730769230768
0 0.9711538461538461 0.9399038461538461 0.056490384615384616 0.11778846153846154
0 0.9831730769230769 0.7692307692307693 0.03125 0.1502403846153846