0 0.07211538461538461 0.5576923076923077 0.03485576923076923 0.07451923076923077
0 0.09134615384615384 0.5552884615384616 0.038461538461538464 0.06850961538461539
0 0.4206730769230769 0.5336538461538461 0.016826923076923076 0.06370192307692307
0 0.46033653846153844 0.5300480769230769 0.009615384615384616 0.04326923076923077
0 0.4855769230769231 0.5360576923076923 0.02403846153846154 0.0733173076923077
0 0.5084134615384616 0.5372596153846154 0.015625 0.06610576923076923
0 0.6310096153846154 0.5324519230769231 0.020432692307692308 0.07572115384615384
0 0.78125 0.5540865384615384 0.05048076923076923 0.16105769230769232
0 0.828125 0.5444711538461539 0.04447115384615385 0.14543269230769232
0 0.8581730769230769 0.5288461538461539 0.010817307692307692 0.040865384615384616
0 0.8701923076923077 0.5264423076923077 0.013221153846153846 0.04927884615384615
0 0.9170673076923077 0.5444711538461539 0.025240384615384616 0.09134615384615384