0 0.5853365384615384 0.5829326923076923 0.09615384615384616 0.3473557692307692
0 0.13341346153846154 0.6189903846153846 0.15384615384615385 0.44711538461538464
0 0.3088942307692308 0.5997596153846154 0.14423076923076922 0.42427884615384615
0 0.41947115384615385 0.4206730769230769 0.04447115384615385 0.11177884615384616
0 0.44711538461538464 0.5288461538461539 0.06971153846153846 0.13701923076923078
0 0.4519230769230769 0.41947115384615385 0.038461538461538464 0.06370192307692307
0 0.5036057692307693 0.4266826923076923 0.054086538461538464 0.09134615384615384
0 0.5504807692307693 0.41346153846153844 0.038461538461538464 0.07572115384615384
0 0.6057692307692307 0.40865384615384615 0.028846153846153848 0.13221153846153846
0 0.7043269230769231 0.41947115384615385 0.04927884615384615 0.15384615384615385
0 0.796875 0.43028846153846156 0.036057692307692304 0.14543269230769232
0 0.8413461538461539 0.5552884615384616 0.1141826923076923 0.3329326923076923
0 0.9134615384615384 0.5276442307692307 0.07211538461538461 0.24879807692307693
0 0.9627403846153846 0.4807692307692308 0.04567307692307692 0.125