0 0.39663461538461536 0.47716346153846156 0.06370192307692307 0.19831730769230768
0 0.13341346153846154 0.6322115384615384 0.2668269230769231 0.7307692307692307
0 0.2764423076923077 0.37259615384615385 0.07932692307692307 0.18870192307692307
0 0.31971153846153844 0.703125 0.1141826923076923 0.3713942307692308
0 0.39903846153846156 0.7920673076923077 0.23197115384615385 0.4110576923076923
0 0.5637019230769231 0.7331730769230769 0.0889423076923077 0.47716346153846156
0 0.5576923076923077 0.48197115384615385 0.0733173076923077 0.12860576923076922
0 0.6454326923076923 0.7848557692307693 0.17307692307692307 0.421875
0 0.6430288461538461 0.48677884615384615 0.06129807692307692 0.16105769230769232
0 0.6995192307692307 0.5480769230769231 0.07932692307692307 0.22355769230769232
0 0.8317307692307693 0.7896634615384616 0.19831730769230768 0.41225961538461536
0 0.8858173076923077 0.5949519230769231 0.09735576923076923 0.38100961538461536
0 0.9459134615384616 0.7692307692307693 0.1045673076923077 0.453125