0 0.06490384615384616 0.3737980769230769 0.12980769230769232 0.1814903846153846
0 0.0625 0.296875 0.08173076923076923 0.18509615384615385
0 0.1201923076923077 0.3701923076923077 0.07211538461538461 0.14543269230769232
0 0.13701923076923078 0.33052884615384615 0.0733173076923077 0.125
0 0.18509615384615385 0.3629807692307692 0.06129807692307692 0.11177884615384616
0 0.2776442307692308 0.3245192307692308 0.030048076923076924 0.08052884615384616
0 0.28725961538461536 0.34375 0.039663461538461536 0.06850961538461539
0 0.328125 0.33533653846153844 0.04927884615384615 0.11778846153846154
0 0.3629807692307692 0.36778846153846156 0.039663461538461536 0.0625
0 0.3918269230769231 0.3918269230769231 0.038461538461538464 0.11177884615384616
0 0.46274038461538464 0.3786057692307692 0.040865384615384616 0.17908653846153846
0 0.4951923076923077 0.36538461538461536 0.025240384615384616 0.13221153846153846
0 0.5192307692307693 0.37259615384615385 0.04326923076923077 0.1778846153846154
0 0.5336538461538461 0.3076923076923077 0.01201923076923077 0.021634615384615384
0 0.5697115384615384 0.375 0.037259615384615384 0.171875
0 0.6009615384615384 0.36899038461538464 0.028846153846153848 0.09134615384615384
0 0.6237980769230769 0.38822115384615385 0.04927884615384615 0.06850961538461539
0 0.6358173076923077 0.40865384615384615 0.03245192307692308 0.06490384615384616
0 0.6574519230769231 0.4170673076923077 0.056490384615384616 0.09254807692307693
0 0.6466346153846154 0.35336538461538464 0.030048076923076924 0.042067307692307696
0 0.6959134615384616 0.42788461538461536 0.06971153846153846 0.08173076923076923
0 0.6838942307692307 0.36538461538461536 0.037259615384615384 0.07451923076923077
0 0.6899038461538461 0.44591346153846156 0.04567307692307692 0.08774038461538461
0 0.7151442307692307 0.4987980769230769 0.0829326923076923 0.16706730769230768
0 0.734375 0.3701923076923077 0.040865384615384616 0.10817307692307693
0 0.8076923076923077 0.5228365384615384 0.14543269230769232 0.17067307692307693
0 0.8365384615384616 0.7223557692307693 0.1971153846153846 0.5456730769230769
0 0.7596153846153846 0.35336538461538464 0.025240384615384616 0.05889423076923077
0 0.7932692307692307 0.3641826923076923 0.05889423076923077 0.09495192307692307
0 0.8365384615384616 0.36658653846153844 0.04447115384615385 0.09254807692307693
0 0.8641826923076923 0.42788461538461536 0.08774038461538461 0.09975961538461539
0 0.9435096153846154 0.36899038461538464 0.040865384615384616 0.10576923076923077
0 0.96875 0.47836538461538464 0.057692307692307696 0.11538461538461539