0 0.1201923076923077 0.5336538461538461 0.09254807692307693 0.5769230769230769
0 0.18870192307692307 0.5552884615384616 0.11177884615384616 0.5300480769230769
0 0.2644230769230769 0.5348557692307693 0.09375 0.5528846153846154
0 0.32572115384615385 0.4831730769230769 0.07692307692307693 0.5372596153846154
0 0.3269230769230769 0.25721153846153844 0.0733173076923077 0.12259615384615384
0 0.4026442307692308 0.328125 0.11538461538461539 0.27163461538461536
0 0.41466346153846156 0.6478365384615384 0.13701923076923078 0.5865384615384616
0 0.4855769230769231 0.4807692307692308 0.09735576923076923 0.5276442307692307
0 0.5757211538461539 0.5348557692307693 0.10576923076923077 0.484375
0 0.6310096153846154 0.5096153846153846 0.10216346153846154 0.5060096153846154
0 0.78125 0.59375 0.0889423076923077 0.45552884615384615
0 0.8269230769230769 0.5757211538461539 0.06129807692307692 0.43028846153846156
0 0.8725961538461539 0.5841346153846154 0.08533653846153846 0.41225961538461536
0 0.9399038461538461 0.5925480769230769 0.11298076923076923 0.5324519230769231