0 0.17668269230769232 0.5144230769230769 0.18629807692307693 0.9435096153846154
0 0.03245192307692308 0.4170673076923077 0.06490384615384616 0.28725961538461536
0 0.056490384615384616 0.328125 0.06490384615384616 0.12259615384615384
0 0.08413461538461539 0.4230769230769231 0.07451923076923077 0.2776442307692308
0 0.27884615384615385 0.4050480769230769 0.08052884615384616 0.296875
0 0.2920673076923077 0.2980769230769231 0.028846153846153848 0.06610576923076923
0 0.31490384615384615 0.4026442307692308 0.039663461538461536 0.2776442307692308
0 0.5288461538461539 0.46634615384615385 0.32211538461538464 0.7692307692307693
0 0.5721153846153846 0.27163461538461536 0.02403846153846154 0.025240384615384616
0 0.6574519230769231 0.3173076923076923 0.052884615384615384 0.08173076923076923
0 0.6634615384615384 0.40865384615384615 0.05889423076923077 0.20793269230769232
0 0.7980769230769231 0.5108173076923077 0.3125 0.7944711538461539
0 0.7055288461538461 0.42427884615384615 0.07572115384615384 0.23076923076923078
0 0.8665865384615384 0.29927884615384615 0.018028846153846152 0.036057692307692304
0 0.8966346153846154 0.43028846153846156 0.06490384615384616 0.24759615384615385
0 0.9050480769230769 0.3269230769230769 0.020432692307692308 0.056490384615384616
0 0.9615384615384616 0.4362980769230769 0.07572115384615384 0.27524038461538464