0 0.7067307692307693 0.6153846153846154 0.0673076923076923 0.375
0 0.11538461538461539 0.6526442307692307 0.15384615384615385 0.375
0 0.14302884615384615 0.46634615384615385 0.01201923076923077 0.040865384615384616
0 0.21754807692307693 0.6129807692307693 0.04927884615384615 0.32091346153846156
0 0.25721153846153844 0.6394230769230769 0.06370192307692307 0.30528846153846156
0 0.28365384615384615 0.5048076923076923 0.02403846153846154 0.0829326923076923
0 0.4014423076923077 0.6057692307692307 0.07211538461538461 0.35697115384615385
0 0.47716346153846156 0.6358173076923077 0.057692307692307696 0.2932692307692308
0 0.5516826923076923 0.5805288461538461 0.07451923076923077 0.19831730769230768
0 0.7788461538461539 0.6322115384615384 0.051682692307692304 0.3485576923076923
0 0.8064903846153846 0.6814903846153846 0.06129807692307692 0.2860576923076923
0 0.8629807692307693 0.6742788461538461 0.056490384615384616 0.2824519230769231
0 0.9338942307692307 0.7007211538461539 0.07091346153846154 0.3557692307692308
0 0.9543269230769231 0.6802884615384616 0.08774038461538461 0.3425480769230769