0 0.014423076923076924 0.45913461538461536 0.028846153846153848 0.18028846153846154
0 0.057692307692307696 0.4326923076923077 0.055288461538461536 0.28125
0 0.10697115384615384 0.39663461538461536 0.04447115384615385 0.18389423076923078
0 0.17307692307692307 0.6442307692307693 0.15745192307692307 0.4579326923076923
0 0.3125 0.6117788461538461 0.3401442307692308 0.71875
0 0.4074519230769231 0.609375 0.09735576923076923 0.3954326923076923
0 0.5048076923076923 0.5649038461538461 0.09134615384615384 0.3425480769230769
0 0.5877403846153846 0.5324519230769231 0.07932692307692307 0.3557692307692308
0 0.6838942307692307 0.5841346153846154 0.15985576923076922 0.4230769230769231
0 0.6382211538461539 0.5216346153846154 0.05048076923076923 0.2824519230769231
0 0.6971153846153846 0.3317307692307692 0.03245192307692308 0.07932692307692307
0 0.7764423076923077 0.32091346153846156 0.04567307692307692 0.12139423076923077
0 0.8293269230769231 0.45913461538461536 0.10576923076923077 0.3269230769230769
0 0.8990384615384616 0.33653846153846156 0.03365384615384615 0.10216346153846154
0 0.9122596153846154 0.3870192307692308 0.039663461538461536 0.10336538461538461
0 0.9591346153846154 0.484375 0.08052884615384616 0.4254807692307692