0 0.17548076923076922 0.6454326923076923 0.025240384615384616 0.07932692307692307
0 0.19471153846153846 0.6478365384615384 0.025240384615384616 0.08774038461538461
0 0.3918269230769231 0.6598557692307693 0.019230769230769232 0.07091346153846154
0 0.4879807692307692 0.6382211538461539 0.018028846153846152 0.037259615384615384
0 0.4963942307692308 0.6382211538461539 0.009615384615384616 0.027644230769230768
0 0.5132211538461539 0.6490384615384616 0.010817307692307692 0.02283653846153846
0 0.5348557692307693 0.6322115384615384 0.006009615384615385 0.027644230769230768
0 0.5588942307692307 0.6334134615384616 0.004807692307692308 0.020432692307692308
0 0.5685096153846154 0.6358173076923077 0.008413461538461538 0.02283653846153846
0 0.5865384615384616 0.6382211538461539 0.008413461538461538 0.028846153846153848
0 0.5913461538461539 0.6358173076923077 0.003605769230769231 0.015625
0 0.6177884615384616 0.6382211538461539 0.004807692307692308 0.018028846153846152
0 0.6286057692307693 0.6382211538461539 0.006009615384615385 0.025240384615384616
0 0.6334134615384616 0.6370192307692307 0.004807692307692308 0.014423076923076924
0 0.6947115384615384 0.6442307692307693 0.01201923076923077 0.027644230769230768
0 0.7055288461538461 0.6430288461538461 0.015625 0.039663461538461536
0 0.7620192307692307 0.6454326923076923 0.007211538461538462 0.02403846153846154
0 0.7872596153846154 0.6634615384615384 0.027644230769230768 0.06370192307692307
0 0.8028846153846154 0.6610576923076923 0.016826923076923076 0.06971153846153846
0 0.8317307692307693 0.6670673076923077 0.01201923076923077 0.07091346153846154
0 0.8425480769230769 0.6610576923076923 0.009615384615384616 0.037259615384615384
0 0.8665865384615384 0.6598557692307693 0.015625 0.040865384615384616
0 0.8834134615384616 0.6598557692307693 0.018028846153846152 0.04567307692307692
0 0.9110576923076923 0.6646634615384616 0.018028846153846152 0.040865384615384616
0 0.9795673076923077 0.6754807692307693 0.026442307692307692 0.030048076923076924
0 0.9903846153846154 0.7019230769230769 0.018028846153846152 0.11538461538461539