0 0.02403846153846154 0.7800480769230769 0.046875 0.2620192307692308
0 0.007211538461538462 0.6262019230769231 0.014423076923076924 0.05048076923076923
0 0.014423076923076924 0.6514423076923077 0.025240384615384616 0.056490384615384616
0 0.038461538461538464 0.5817307692307693 0.028846153846153848 0.11538461538461539
0 0.06971153846153846 0.8137019230769231 0.04326923076923077 0.2764423076923077
0 0.07211538461538461 0.6574519230769231 0.038461538461538464 0.11899038461538461
0 0.11899038461538461 0.8269230769230769 0.051682692307692304 0.2608173076923077
0 0.11778846153846154 0.6201923076923077 0.03245192307692308 0.13701923076923078
0 0.13822115384615385 0.6298076923076923 0.019230769230769232 0.14302884615384615
0 0.18389423076923078 0.6298076923076923 0.042067307692307696 0.14903846153846154
0 0.2247596153846154 0.8641826923076923 0.057692307692307696 0.2704326923076923
0 0.2668269230769231 0.8665865384615384 0.09615384615384616 0.26322115384615385
0 0.2980769230769231 0.7632211538461539 0.055288461538461536 0.20072115384615385
0 0.33653846153846156 0.6442307692307693 0.026442307692307692 0.14543269230769232
0 0.34134615384615385 0.6814903846153846 0.03245192307692308 0.17067307692307693
0 0.3798076923076923 0.5288461538461539 0.016826923076923076 0.0889423076923077
0 0.3870192307692308 0.5913461538461539 0.025240384615384616 0.10336538461538461
0 0.3954326923076923 0.7331730769230769 0.04326923076923077 0.2127403846153846
0 0.40384615384615385 0.5300480769230769 0.021634615384615384 0.08533653846153846
0 0.41586538461538464 0.578125 0.019230769230769232 0.10697115384615384
0 0.43149038461538464 0.5745192307692307 0.02283653846153846 0.11298076923076923
0 0.44711538461538464 0.5661057692307693 0.019230769230769232 0.11057692307692307
0 0.4699519230769231 0.5769230769230769 0.021634615384615384 0.09014423076923077
0 0.4855769230769231 0.6538461538461539 0.03125 0.13581730769230768
0 0.49278846153846156 0.546875 0.018028846153846152 0.04326923076923077
0 0.5048076923076923 0.5540865384615384 0.009615384615384616 0.05048076923076923
0 0.5144230769230769 0.6370192307692307 0.02283653846153846 0.11177884615384616
0 0.5300480769230769 0.7908653846153846 0.04807692307692308 0.2403846153846154
0 0.5192307692307693 0.5528846153846154 0.008413461538461538 0.04807692307692308
0 0.53125 0.5432692307692307 0.02283653846153846 0.06370192307692307
0 0.546875 0.7668269230769231 0.042067307692307696 0.22115384615384615
0 0.5372596153846154 0.5985576923076923 0.019230769230769232 0.10576923076923077
0 0.546875 0.6225961538461539 0.02403846153846154 0.09735576923076923
0 0.5649038461538461 0.5673076923076923 0.020432692307692308 0.08173076923076923
0 0.5853365384615384 0.6298076923076923 0.02403846153846154 0.16105769230769232
0 0.609375 0.5997596153846154 0.014423076923076924 0.07572115384615384
0 0.6334134615384616 0.7463942307692307 0.04326923076923077 0.22115384615384615
0 0.6274038461538461 0.6274038461538461 0.027644230769230768 0.11177884615384616
0 0.6646634615384616 0.7872596153846154 0.04807692307692308 0.22716346153846154
0 0.6598557692307693 0.5793269230769231 0.016826923076923076 0.057692307692307696
0 0.6730769230769231 0.6706730769230769 0.02403846153846154 0.0829326923076923
0 0.6754807692307693 0.6165865384615384 0.025240384615384616 0.07932692307692307
0 0.6923076923076923 0.5805288461538461 0.020432692307692308 0.08173076923076923
0 0.6971153846153846 0.6778846153846154 0.020432692307692308 0.06129807692307692
0 0.7139423076923077 0.796875 0.04567307692307692 0.24278846153846154
0 0.7115384615384616 0.5721153846153846 0.025240384615384616 0.04807692307692308
0 0.7091346153846154 0.5961538461538461 0.018028846153846152 0.05889423076923077
0 0.71875 0.7175480769230769 0.021634615384615384 0.18509615384615385
0 0.7259615384615384 0.5757211538461539 0.019230769230769232 0.11057692307692307
0 0.7487980769230769 0.7608173076923077 0.026442307692307692 0.2127403846153846
0 0.7680288461538461 0.7463942307692307 0.037259615384615384 0.19230769230769232
0 0.7956730769230769 0.7728365384615384 0.03485576923076923 0.22115384615384615
0 0.8317307692307693 0.8341346153846154 0.078125 0.26322115384615385
0 0.8197115384615384 0.6778846153846154 0.03125 0.11057692307692307
0 0.8665865384615384 0.8209134615384616 0.04447115384615385 0.26802884615384615
0 0.9435096153846154 0.8161057692307693 0.06490384615384616 0.24879807692307693
0 0.9771634615384616 0.8305288461538461 0.040865384615384616 0.18509615384615385