0 0.010817307692307692 0.41346153846153844 0.01201923076923077 0.042067307692307696
0 0.037259615384615384 0.41346153846153844 0.020432692307692308 0.078125
0 0.06009615384615385 0.4170673076923077 0.019230769230769232 0.06850961538461539
0 0.07932692307692307 0.4230769230769231 0.02403846153846154 0.09254807692307693
0 0.10576923076923077 0.4266826923076923 0.028846153846153848 0.08774038461538461
0 0.24759615384615385 0.43149038461538464 0.016826923076923076 0.07932692307692307
0 0.34134615384615385 0.4326923076923077 0.021634615384615384 0.10096153846153846
0 0.359375 0.45552884615384615 0.016826923076923076 0.046875
0 0.3858173076923077 0.4639423076923077 0.021634615384615384 0.05889423076923077
0 0.4110576923076923 0.43149038461538464 0.008413461538461538 0.06490384615384616
0 0.42427884615384615 0.42427884615384615 0.025240384615384616 0.08774038461538461
0 0.44471153846153844 0.43028846153846156 0.02403846153846154 0.09375
0 0.4831730769230769 0.43028846153846156 0.019230769230769232 0.10576923076923077
0 0.5036057692307693 0.44711538461538464 0.014423076923076924 0.08533653846153846
0 0.5384615384615384 0.43509615384615385 0.018028846153846152 0.08774038461538461
0 0.5612980769230769 0.42908653846153844 0.02403846153846154 0.12259615384615384
0 0.6009615384615384 0.43149038461538464 0.02403846153846154 0.09495192307692307
0 0.6370192307692307 0.42427884615384615 0.02403846153846154 0.08653846153846154
0 0.6634615384615384 0.4206730769230769 0.02403846153846154 0.07932692307692307
0 0.6923076923076923 0.4723557692307692 0.018028846153846152 0.055288461538461536
0 0.7367788461538461 0.4266826923076923 0.015625 0.0733173076923077
0 0.7548076923076923 0.4266826923076923 0.02403846153846154 0.08533653846153846
0 0.7872596153846154 0.43028846153846156 0.021634615384615384 0.09375
0 0.8149038461538461 0.4206730769230769 0.021634615384615384 0.078125
0 0.9290865384615384 0.43149038461538464 0.040865384615384616 0.07451923076923077
0 0.9675480769230769 0.43509615384615385 0.020432692307692308 0.07211538461538461