0 0.2091346153846154 0.6033653846153846 0.1346153846153846 0.6766826923076923
0 0.036057692307692304 0.6622596153846154 0.07211538461538461 0.6286057692307693
0 0.0829326923076923 0.5144230769230769 0.028846153846153848 0.07932692307692307
0 0.10817307692307693 0.5180288461538461 0.04447115384615385 0.12139423076923077
0 0.31850961538461536 0.6117788461538461 0.030048076923076924 0.0889423076923077
0 0.36538461538461536 0.6165865384615384 0.06490384615384616 0.10336538461538461
0 0.39903846153846156 0.5456730769230769 0.036057692307692304 0.24158653846153846
0 0.43509615384615385 0.5829326923076923 0.06490384615384616 0.2091346153846154
0 0.5144230769230769 0.5793269230769231 0.07211538461538461 0.13822115384615385
0 0.5372596153846154 0.6490384615384616 0.056490384615384616 0.18990384615384615
0 0.5913461538461539 0.6334134615384616 0.09014423076923077 0.15504807692307693
0 0.6225961538461539 0.5745192307692307 0.09014423076923077 0.11658653846153846
0 0.6646634615384616 0.6225961538461539 0.10697115384615384 0.1658653846153846
0 0.7055288461538461 0.6598557692307693 0.09615384615384616 0.11298076923076923
0 0.765625 0.6117788461538461 0.07572115384615384 0.12620192307692307
0 0.78125 0.6574519230769231 0.09375 0.10817307692307693
0 0.7800480769230769 0.5360576923076923 0.05889423076923077 0.12139423076923077
0 0.8617788461538461 0.6129807692307693 0.08173076923076923 0.12259615384615384
0 0.8689903846153846 0.6694711538461539 0.06009615384615385 0.06850961538461539
0 0.8930288461538461 0.5348557692307693 0.04927884615384615 0.12259615384615384