0 0.5 0.7836538461538461 0.9975961538461539 0.42908653846153844
0 0.019230769230769232 0.9483173076923077 0.028846153846153848 0.05889423076923077
0 0.027644230769230768 0.9158653846153846 0.030048076923076924 0.055288461538461536
0 0.051682692307692304 0.9483173076923077 0.028846153846153848 0.06850961538461539
0 0.07211538461538461 0.9483173076923077 0.030048076923076924 0.06850961538461539
0 0.09495192307692307 0.9519230769230769 0.02403846153846154 0.06490384615384616
0 0.10576923076923077 0.9483173076923077 0.037259615384615384 0.07211538461538461
0 0.14302884615384615 0.96875 0.03245192307692308 0.06129807692307692
0 0.17307692307692307 0.9747596153846154 0.028846153846153848 0.04807692307692308
0 0.21875 0.9819711538461539 0.013221153846153846 0.03365384615384615
0 0.24519230769230768 0.9891826923076923 0.016826923076923076 0.020432692307692308
0 0.8413461538461539 0.9110576923076923 0.04326923076923077 0.07211538461538461
0 0.8942307692307693 0.9375 0.028846153846153848 0.09495192307692307
0 0.9194711538461539 0.9387019230769231 0.038461538461538464 0.11899038461538461
0 0.9663461538461539 0.9591346153846154 0.03365384615384615 0.07932692307692307
0 0.9663461538461539 0.7103365384615384 0.019230769230769232 0.0673076923076923
0 0.9879807692307693 0.9447115384615384 0.021634615384615384 0.10576923076923077