0 0.4639423076923077 0.7908653846153846 0.0889423076923077 0.35216346153846156
0 0.010817307692307692 0.5516826923076923 0.020432692307692308 0.027644230769230768
0 0.010817307692307692 0.5961538461538461 0.020432692307692308 0.040865384615384616
0 0.09735576923076923 0.6490384615384616 0.02283653846153846 0.13581730769230768
0 0.12259615384615384 0.3581730769230769 0.055288461538461536 0.14903846153846154
0 0.12620192307692307 0.6814903846153846 0.036057692307692304 0.12259615384615384
0 0.13221153846153846 0.6454326923076923 0.03245192307692308 0.12379807692307693
0 0.17067307692307693 0.6814903846153846 0.04927884615384615 0.15144230769230768
0 0.21995192307692307 0.6887019230769231 0.03245192307692308 0.15264423076923078
0 0.33413461538461536 0.6670673076923077 0.004807692307692308 0.056490384615384616
0 0.34375 0.6634615384615384 0.021634615384615384 0.078125
0 0.34134615384615385 0.6622596153846154 0.008413461538461538 0.0625
0 0.5168269230769231 0.6490384615384616 0.006009615384615385 0.027644230769230768
0 0.5324519230769231 0.6838942307692307 0.036057692307692304 0.14423076923076922
0 0.5420673076923077 0.6911057692307693 0.013221153846153846 0.11538461538461539
0 0.5600961538461539 0.6826923076923077 0.02403846153846154 0.12379807692307693
0 0.5817307692307693 0.6899038461538461 0.016826923076923076 0.11057692307692307
0 0.5949519230769231 0.6802884615384616 0.021634615384615384 0.08774038461538461
0 0.640625 0.8088942307692307 0.10697115384615384 0.38100961538461536
0 0.7007211538461539 0.6778846153846154 0.09375 0.09975961538461539
0 0.6826923076923077 0.7620192307692307 0.05048076923076923 0.2247596153846154
0 0.7620192307692307 0.7884615384615384 0.10216346153846154 0.4206730769230769