0 0.1346153846153846 0.19110576923076922 0.26802884615384615 0.12620192307692307
0 0.2439903846153846 0.38221153846153844 0.23076923076923078 0.44350961538461536
0 0.27403846153846156 0.6971153846153846 0.18028846153846154 0.4375
0 0.41586538461538464 0.3798076923076923 0.33653846153846156 0.41466346153846156
0 0.2860576923076923 0.13822115384615385 0.019230769230769232 0.07692307692307693
0 0.4326923076923077 0.6971153846153846 0.21634615384615385 0.42788461538461536
0 0.4723557692307692 0.3641826923076923 0.21754807692307693 0.40865384615384615
0 0.6129807692307693 0.30649038461538464 0.28365384615384615 0.3581730769230769
0 0.5709134615384616 0.6754807692307693 0.19110576923076922 0.4495192307692308
0 0.6550480769230769 0.6322115384615384 0.23798076923076922 0.5709134615384616
0 0.7860576923076923 0.31971153846153844 0.22115384615384615 0.33774038461538464
0 0.8401442307692307 0.20673076923076922 0.31850961538461536 0.1935096153846154
0 0.8497596153846154 0.6514423076923077 0.17307692307692307 0.5961538461538461