0 0.10817307692307693 0.19591346153846154 0.21514423076923078 0.052884615384615384
0 0.02403846153846154 0.4951923076923077 0.018028846153846152 0.06129807692307692
0 0.04447115384615385 0.48197115384615385 0.027644230769230768 0.10336538461538461
0 0.07572115384615384 0.4987980769230769 0.037259615384615384 0.125
0 0.10216346153846154 0.4831730769230769 0.025240384615384616 0.07932692307692307
0 0.1814903846153846 0.47716346153846156 0.027644230769230768 0.06009615384615385
0 0.1935096153846154 0.46153846153846156 0.018028846153846152 0.055288461538461536
0 0.3125 0.21033653846153846 0.21394230769230768 0.042067307692307696
0 0.25600961538461536 0.49278846153846156 0.03365384615384615 0.11057692307692307
0 0.2608173076923077 0.2920673076923077 0.016826923076923076 0.03125
0 0.2704326923076923 0.35697115384615385 0.016826923076923076 0.04447115384615385
0 0.28125 0.47115384615384615 0.015625 0.06610576923076923
0 0.30408653846153844 0.4675480769230769 0.01201923076923077 0.04447115384615385
0 0.31971153846153844 0.515625 0.04447115384615385 0.15504807692307693
0 0.33052884615384615 0.4855769230769231 0.018028846153846152 0.08413461538461539
0 0.35216346153846156 0.46875 0.01201923076923077 0.03365384615384615
0 0.38341346153846156 0.5012019230769231 0.040865384615384616 0.08774038461538461
0 0.49158653846153844 0.21875 0.14543269230769232 0.04447115384615385
0 0.4519230769230769 0.4831730769230769 0.028846153846153848 0.10817307692307693
0 0.4699519230769231 0.31009615384615385 0.007211538461538462 0.03365384615384615
0 0.47836538461538464 0.5012019230769231 0.02283653846153846 0.06610576923076923
0 0.48197115384615385 0.30288461538461536 0.01201923076923077 0.036057692307692304
0 0.49158653846153844 0.4567307692307692 0.014423076923076924 0.051682692307692304
0 0.4963942307692308 0.2776442307692308 0.015625 0.02283653846153846
0 0.5300480769230769 0.515625 0.0673076923076923 0.203125
0 0.5552884615384616 0.2848557692307692 0.007211538461538462 0.020432692307692308
0 0.5757211538461539 0.47596153846153844 0.03365384615384615 0.10336538461538461
0 0.5817307692307693 0.31490384615384615 0.01201923076923077 0.02403846153846154
0 0.6033653846153846 0.5204326923076923 0.020432692307692308 0.09495192307692307
0 0.6117788461538461 0.4699519230769231 0.03125 0.07211538461538461
0 0.6069711538461539 0.34975961538461536 0.013221153846153846 0.037259615384615384
0 0.7055288461538461 0.22956730769230768 0.2091346153846154 0.03365384615384615
0 0.6346153846153846 0.4963942307692308 0.04567307692307692 0.15865384615384615
0 0.6213942307692307 0.3449519230769231 0.014423076923076924 0.03485576923076923
0 0.6622596153846154 0.4963942307692308 0.016826923076923076 0.11538461538461539
0 0.6802884615384616 0.47716346153846156 0.027644230769230768 0.08052884615384616
0 0.7019230769230769 0.5012019230769231 0.025240384615384616 0.06490384615384616
0 0.7115384615384616 0.3088942307692308 0.020432692307692308 0.02403846153846154
0 0.7223557692307693 0.49278846153846156 0.02403846153846154 0.16466346153846154
0 0.7860576923076923 0.5769230769230769 0.10697115384615384 0.40865384615384615
0 0.8605769230769231 0.5805288461538461 0.12980769230769232 0.40865384615384615
0 0.9567307692307693 0.5793269230769231 0.08533653846153846 0.41346153846153844