0 0.042067307692307696 0.7151442307692307 0.08413461538461539 0.22596153846153846
0 0.1141826923076923 0.7908653846153846 0.2283653846153846 0.4170673076923077
0 0.21514423076923078 0.6983173076923077 0.04807692307692308 0.24879807692307693
0 0.2776442307692308 0.7956730769230769 0.15745192307692307 0.40625
0 0.2824519230769231 0.6826923076923077 0.14783653846153846 0.30288461538461536
0 0.3557692307692308 0.7391826923076923 0.09975961538461539 0.31971153846153844
0 0.43509615384615385 0.8533653846153846 0.21995192307692307 0.2920673076923077
0 0.38221153846153844 0.6370192307692307 0.07692307692307693 0.13221153846153846
0 0.47596153846153844 0.8016826923076923 0.18028846153846154 0.3954326923076923
0 0.5576923076923077 0.7932692307692307 0.12620192307692307 0.4110576923076923
0 0.5721153846153846 0.6418269230769231 0.12620192307692307 0.3473557692307692
0 0.8052884615384616 0.5540865384615384 0.2512019230769231 0.32211538461538464
0 0.8173076923076923 0.8449519230769231 0.2127403846153846 0.3076923076923077
0 0.8774038461538461 0.7632211538461539 0.15144230769230768 0.3870192307692308
0 0.9495192307692307 0.8137019230769231 0.09975961538461539 0.3713942307692308