0 0.1935096153846154 0.5144230769230769 0.08052884615384616 0.3245192307692308
0 0.040865384615384616 0.5889423076923077 0.08052884615384616 0.3870192307692308
0 0.08413461538461539 0.48197115384615385 0.16826923076923078 0.3016826923076923
0 0.027644230769230768 0.4230769230769231 0.030048076923076924 0.09254807692307693
0 0.11177884615384616 0.5168269230769231 0.07091346153846154 0.2644230769230769
0 0.15504807692307693 0.5252403846153846 0.03365384615384615 0.2247596153846154
0 0.24519230769230768 0.49759615384615385 0.021634615384615384 0.17908653846153846
0 0.32211538461538464 0.49278846153846156 0.1622596153846154 0.20192307692307693
0 0.3088942307692308 0.5240384615384616 0.12740384615384615 0.37259615384615385
0 0.3137019230769231 0.48677884615384615 0.1201923076923077 0.2776442307692308
0 0.4639423076923077 0.5084134615384616 0.056490384615384616 0.2932692307692308
0 0.5060096153846154 0.5072115384615384 0.04927884615384615 0.27283653846153844
0 0.546875 0.5012019230769231 0.054086538461538464 0.25961538461538464
0 0.6045673076923077 0.5084134615384616 0.06129807692307692 0.2800480769230769
0 0.6850961538461539 0.5216346153846154 0.04927884615384615 0.2920673076923077
0 0.7223557692307693 0.5180288461538461 0.036057692307692304 0.1622596153846154
0 0.7463942307692307 0.5144230769230769 0.025240384615384616 0.13822115384615385
0 0.7475961538461539 0.41947115384615385 0.021634615384615384 0.055288461538461536
0 0.7572115384615384 0.5144230769230769 0.03245192307692308 0.15384615384615385
0 0.7836538461538461 0.5204326923076923 0.03245192307692308 0.21875
0 0.8233173076923077 0.5516826923076923 0.057692307692307696 0.29447115384615385
0 0.9074519230769231 0.5192307692307693 0.18389423076923078 0.36658653846153844
0 0.8810096153846154 0.5625 0.0625 0.37259615384615385
0 0.8990384615384616 0.8040865384615384 0.09735576923076923 0.28365384615384615
0 0.953125 0.7091346153846154 0.09254807692307693 0.5288461538461539
0 0.9507211538461539 0.5697115384615384 0.06009615384615385 0.2860576923076923