0 0.4567307692307692 0.6225961538461539 0.051682692307692304 0.19951923076923078
0 0.10336538461538461 0.6201923076923077 0.13581730769230768 0.10817307692307693
0 0.1935096153846154 0.6201923076923077 0.03245192307692308 0.07451923076923077
0 0.3088942307692308 0.6189903846153846 0.021634615384615384 0.06850961538461539
0 0.32211538461538464 0.6177884615384616 0.02403846153846154 0.06971153846153846
0 0.5060096153846154 0.6081730769230769 0.04807692307692308 0.1658653846153846
0 0.5661057692307693 0.7403846153846154 0.15625 0.5180288461538461
0 0.6454326923076923 0.7620192307692307 0.24278846153846154 0.4735576923076923
0 0.6814903846153846 0.8004807692307693 0.13701923076923078 0.39663461538461536
0 0.8918269230769231 0.5913461538461539 0.019230769230769232 0.04326923076923077
0 0.9639423076923077 0.6069711538461539 0.008413461538461538 0.06009615384615385
0 0.9891826923076923 0.6045673076923077 0.016826923076923076 0.052884615384615384