0 0.0985576923076923 0.6129807692307693 0.19591346153846154 0.6009615384615384
0 0.21033653846153846 0.5817307692307693 0.20192307692307693 0.33533653846153844
0 0.31490384615384615 0.45913461538461536 0.10576923076923077 0.24158653846153846
0 0.46634615384615385 0.7079326923076923 0.3112980769230769 0.5745192307692307
0 0.5300480769230769 0.45552884615384615 0.12620192307692307 0.2692307692307692
0 0.6105769230769231 0.7175480769230769 0.23677884615384615 0.5625
0 0.6658653846153846 0.45552884615384615 0.15745192307692307 0.21033653846153846
0 0.7223557692307693 0.7548076923076923 0.21394230769230768 0.4891826923076923
0 0.6850961538461539 0.375 0.12620192307692307 0.1814903846153846
0 0.7740384615384616 0.5420673076923077 0.17908653846153846 0.3605769230769231
0 0.7980769230769231 0.3798076923076923 0.171875 0.22355769230769232
0 0.8665865384615384 0.7223557692307693 0.2644230769230769 0.5528846153846154