0 0.020432692307692308 0.75 0.039663461538461536 0.11778846153846154
0 0.028846153846153848 0.8918269230769231 0.056490384615384616 0.21514423076923078
0 0.027644230769230768 0.6105769230769231 0.055288461538461536 0.07572115384615384
0 0.026442307692307692 0.671875 0.04807692307692308 0.07692307692307693
0 0.046875 0.5625 0.03245192307692308 0.10697115384615384
0 0.08173076923076923 0.8894230769230769 0.09375 0.21754807692307693
0 0.06490384615384616 0.5997596153846154 0.051682692307692304 0.1502403846153846
0 0.08173076923076923 0.6802884615384616 0.0733173076923077 0.14903846153846154
0 0.0829326923076923 0.7776442307692307 0.05889423076923077 0.13701923076923078
0 0.07451923076923077 0.5024038461538461 0.03245192307692308 0.06610576923076923
0 0.08413461538461539 0.39783653846153844 0.05048076923076923 0.14543269230769232
0 0.0889423076923077 0.5012019230769231 0.02283653846153846 0.07692307692307693
0 0.1466346153846154 0.8653846153846154 0.1310096153846154 0.265625
0 0.109375 0.5048076923076923 0.028846153846153848 0.078125
0 0.12980769230769232 0.5709134615384616 0.042067307692307696 0.171875
0 0.15384615384615385 0.4074519230769231 0.03245192307692308 0.12860576923076922
0 0.17427884615384615 0.6490384615384616 0.06610576923076923 0.18990384615384615
0 0.16346153846153846 0.20673076923076922 0.025240384615384616 0.14182692307692307
0 0.17908653846153846 0.8269230769230769 0.055288461538461536 0.12620192307692307
0 0.18509615384615385 0.3641826923076923 0.056490384615384616 0.14302884615384615
0 0.18990384615384615 0.19831730769230768 0.025240384615384616 0.13341346153846154
0 0.23197115384615385 0.9002403846153846 0.09254807692307693 0.19831730769230768
0 0.2247596153846154 0.7439903846153846 0.07091346153846154 0.2439903846153846
0 0.21394230769230768 0.1814903846153846 0.02403846153846154 0.09615384615384616
0 0.23317307692307693 0.18990384615384615 0.026442307692307692 0.08774038461538461
0 0.25 0.6646634615384616 0.02283653846153846 0.05889423076923077
0 0.27283653846153844 0.7560096153846154 0.06009615384615385 0.16826923076923078
0 0.29447115384615385 0.5540865384615384 0.06370192307692307 0.09615384615384616
0 0.2932692307692308 0.8353365384615384 0.051682692307692304 0.10216346153846154
0 0.28125 0.6790865384615384 0.020432692307692308 0.051682692307692304
0 0.2860576923076923 0.6262019230769231 0.03245192307692308 0.052884615384615384
0 0.3088942307692308 0.7211538461538461 0.057692307692307696 0.09375
0 0.3389423076923077 0.8701923076923077 0.11899038461538461 0.25600961538461536
0 0.3125 0.6418269230769231 0.037259615384615384 0.07451923076923077
0 0.3389423076923077 0.6947115384615384 0.042067307692307696 0.12259615384615384
0 0.33533653846153844 0.5288461538461539 0.021634615384615384 0.05889423076923077
0 0.35697115384615385 0.5685096153846154 0.06129807692307692 0.12860576923076922
0 0.3701923076923077 0.6598557692307693 0.04326923076923077 0.09134615384615384
0 0.3942307692307692 0.44471153846153844 0.036057692307692304 0.0889423076923077
0 0.43509615384615385 0.8509615384615384 0.11057692307692307 0.2956730769230769
0 0.3942307692307692 0.6394230769230769 0.027644230769230768 0.07451923076923077
0 0.39903846153846156 0.7175480769230769 0.03485576923076923 0.0889423076923077
0 0.42788461538461536 0.6658653846153846 0.051682692307692304 0.0829326923076923
0 0.43990384615384615 0.41225961538461536 0.04567307692307692 0.14302884615384615
0 0.4411057692307692 0.6274038461538461 0.027644230769230768 0.06370192307692307
0 0.45552884615384615 0.6598557692307693 0.03245192307692308 0.07451923076923077
0 0.5408653846153846 0.8930288461538461 0.19471153846153846 0.21033653846153846
0 0.4807692307692308 0.7367788461538461 0.04326923076923077 0.14543269230769232
0 0.4795673076923077 0.6478365384615384 0.027644230769230768 0.07091346153846154
0 0.49759615384615385 0.47475961538461536 0.025240384615384616 0.11177884615384616
0 0.5072115384615384 0.6394230769230769 0.027644230769230768 0.09134615384615384
0 0.5204326923076923 0.7632211538461539 0.051682692307692304 0.07692307692307693
0 0.5372596153846154 0.6310096153846154 0.026442307692307692 0.06129807692307692
0 0.5432692307692307 0.7043269230769231 0.036057692307692304 0.0889423076923077
0 0.5552884615384616 0.796875 0.039663461538461536 0.09134615384615384
0 0.5709134615384616 0.44711538461538464 0.04326923076923077 0.11778846153846154
0 0.5625 0.6911057692307693 0.025240384615384616 0.09134615384615384
0 0.5649038461538461 0.6322115384615384 0.026442307692307692 0.07211538461538461
0 0.5913461538461539 0.7067307692307693 0.04326923076923077 0.10216346153846154
0 0.5829326923076923 0.6274038461538461 0.019230769230769232 0.04567307692307692
0 0.59375 0.8233173076923077 0.040865384615384616 0.078125
0 0.609375 0.6201923076923077 0.042067307692307696 0.06971153846153846
0 0.6165865384615384 0.6995192307692307 0.036057692307692304 0.11538461538461539
0 0.6310096153846154 0.8762019230769231 0.056490384615384616 0.11538461538461539
0 0.6478365384615384 0.9314903846153846 0.0733173076923077 0.1346153846153846
0 0.6358173076923077 0.7548076923076923 0.039663461538461536 0.07451923076923077
0 0.6370192307692307 0.8028846153846154 0.04326923076923077 0.08774038461538461
0 0.6346153846153846 0.6310096153846154 0.03245192307692308 0.078125
0 0.6490384615384616 0.703125 0.03245192307692308 0.06971153846153846
0 0.6538461538461539 0.6298076923076923 0.03485576923076923 0.07692307692307693
0 0.6694711538461539 0.6959134615384616 0.027644230769230768 0.08173076923076923
0 0.6802884615384616 0.6358173076923077 0.04807692307692308 0.11057692307692307
0 0.6826923076923077 0.8545673076923077 0.042067307692307696 0.13701923076923078
0 0.6947115384615384 0.8918269230769231 0.05048076923076923 0.10697115384615384
0 0.6947115384615384 0.5456730769230769 0.042067307692307696 0.12860576923076922
0 0.6983173076923077 0.7367788461538461 0.030048076923076924 0.07572115384615384
0 0.75 0.9278846153846154 0.13221153846153846 0.14182692307692307
0 0.7199519230769231 0.8016826923076923 0.03245192307692308 0.08052884615384616
0 0.7199519230769231 0.625 0.03365384615384615 0.078125
0 0.7259615384615384 0.7211538461538461 0.040865384615384616 0.10697115384615384
0 0.7355769230769231 0.8389423076923077 0.051682692307692304 0.14182692307692307
0 0.7572115384615384 0.6862980769230769 0.05048076923076923 0.17668269230769232
0 0.7584134615384616 0.7740384615384616 0.038461538461538464 0.09615384615384616
0 0.7704326923076923 0.5721153846153846 0.016826923076923076 0.04807692307692308
0 0.7908653846153846 0.8966346153846154 0.054086538461538464 0.10817307692307693
0 0.7908653846153846 0.33533653846153844 0.04927884615384615 0.30288461538461536
0 0.7920673076923077 0.7860576923076923 0.04567307692307692 0.10576923076923077
0 0.7920673076923077 0.578125 0.02403846153846154 0.06610576923076923
0 0.8040865384615384 0.6899038461538461 0.03365384615384615 0.06490384615384616
0 0.8100961538461539 0.6346153846153846 0.028846153846153848 0.05048076923076923
0 0.8088942307692307 0.5817307692307693 0.014423076923076924 0.04567307692307692
0 0.8449519230769231 0.2536057692307692 0.08653846153846154 0.14783653846153846
0 0.8293269230769231 0.8257211538461539 0.054086538461538464 0.12860576923076922
0 0.8461538461538461 0.41466346153846156 0.07211538461538461 0.15745192307692307
0 0.8557692307692307 0.9194711538461539 0.09134615384615384 0.15865384615384615
0 0.8509615384615384 0.515625 0.06971153846153846 0.109375
0 0.8689903846153846 0.8497596153846154 0.036057692307692304 0.07211538461538461
0 0.8846153846153846 0.4110576923076923 0.051682692307692304 0.125
0 0.8870192307692307 0.8076923076923077 0.052884615384615384 0.11298076923076923
0 0.8930288461538461 0.27884615384615385 0.051682692307692304 0.11057692307692307
0 0.9038461538461539 0.921875 0.0673076923076923 0.13701923076923078
0 0.9014423076923077 0.5120192307692307 0.057692307692307696 0.07692307692307693
0 0.9026442307692307 0.7331730769230769 0.055288461538461536 0.10576923076923077
0 0.9122596153846154 0.3473557692307692 0.039663461538461536 0.11778846153846154
0 0.9375 0.5408653846153846 0.07932692307692307 0.10697115384615384
0 0.9507211538461539 0.8185096153846154 0.09375 0.14182692307692307
0 0.9543269230769231 0.9230769230769231 0.09014423076923077 0.15264423076923078
0 0.9314903846153846 0.2860576923076923 0.03485576923076923 0.125
0 0.9567307692307693 0.34134615384615385 0.04326923076923077 0.15264423076923078
0 0.9711538461538461 0.16947115384615385 0.052884615384615384 0.22355769230769232
0 0.9747596153846154 0.38100961538461536 0.04807692307692308 0.21153846153846154
0 0.9771634615384616 0.8016826923076923 0.040865384615384616 0.0985576923076923