0 0.01201923076923077 0.31850961538461536 0.02403846153846154 0.07451923076923077
0 0.01201923076923077 0.2776442307692308 0.02403846153846154 0.046875
0 0.039663461538461536 0.5324519230769231 0.07932692307692307 0.46634615384615385
0 0.051682692307692304 0.27884615384615385 0.06009615384615385 0.07211538461538461
0 0.1622596153846154 0.6358173076923077 0.22716346153846154 0.515625
0 0.07211538461538461 0.28125 0.020432692307692308 0.06490384615384616
0 0.0985576923076923 0.30408653846153844 0.06490384615384616 0.10096153846153846
0 0.1935096153846154 0.484375 0.2283653846153846 0.20072115384615385
0 0.140625 0.32572115384615385 0.11899038461538461 0.11778846153846154
0 0.22956730769230768 0.3389423076923077 0.07211538461538461 0.14302884615384615
0 0.3737980769230769 0.7211538461538461 0.3557692307692308 0.5552884615384616
0 0.27403846153846156 0.27283653846153844 0.038461538461538464 0.07211538461538461
0 0.2920673076923077 0.3269230769230769 0.056490384615384616 0.15985576923076922
0 0.3401442307692308 0.3858173076923077 0.12980769230769232 0.16826923076923078
0 0.31850961538461536 0.31850961538461536 0.06490384615384616 0.12860576923076922
0 0.3245192307692308 0.2512019230769231 0.013221153846153846 0.010817307692307692
0 0.36177884615384615 0.28846153846153844 0.04807692307692308 0.08533653846153846
0 0.40384615384615385 0.3581730769230769 0.0889423076923077 0.1814903846153846
0 0.39783653846153844 0.27403846153846156 0.039663461538461536 0.06370192307692307
0 0.48197115384615385 0.4375 0.13942307692307693 0.25841346153846156
0 0.44471153846153844 0.2800480769230769 0.04807692307692308 0.0829326923076923
0 0.46875 0.2932692307692308 0.06490384615384616 0.07692307692307693
0 0.4891826923076923 0.2704326923076923 0.03245192307692308 0.06610576923076923
0 0.546875 0.3737980769230769 0.10817307692307693 0.21754807692307693
0 0.5504807692307693 0.32211538461538464 0.07211538461538461 0.12620192307692307
0 0.5324519230769231 0.25240384615384615 0.014423076923076924 0.013221153846153846
0 0.5588942307692307 0.25240384615384615 0.02403846153846154 0.03125
0 0.640625 0.4723557692307692 0.18509615384615385 0.3245192307692308
0 0.5877403846153846 0.25961538461538464 0.02403846153846154 0.038461538461538464
0 0.5961538461538461 0.30649038461538464 0.039663461538461536 0.10576923076923077
0 0.6045673076923077 0.26322115384615385 0.05048076923076923 0.0733173076923077
0 0.6454326923076923 0.30649038461538464 0.06370192307692307 0.12139423076923077
0 0.7163461538461539 0.4411057692307692 0.09735576923076923 0.3137019230769231
0 0.7019230769230769 0.2860576923076923 0.04807692307692308 0.06850961538461539
0 0.8569711538461539 0.4050480769230769 0.2512019230769231 0.24759615384615385
0 0.7920673076923077 0.34134615384615385 0.09014423076923077 0.17548076923076922
0 0.8569711538461539 0.53125 0.21754807692307693 0.4110576923076923
0 0.8149038461538461 0.28846153846153844 0.07572115384615384 0.09134615384615384
0 0.9122596153846154 0.3545673076923077 0.11778846153846154 0.14903846153846154
0 0.9362980769230769 0.3762019230769231 0.07692307692307693 0.1045673076923077
0 0.9567307692307693 0.7247596153846154 0.08533653846153846 0.10336538461538461
0 0.9735576923076923 0.40625 0.05048076923076923 0.11899038461538461