0 0.7319711538461539 0.7776442307692307 0.06490384615384616 0.2776442307692308
0 0.06610576923076923 0.7596153846153846 0.021634615384615384 0.12620192307692307
0 0.2548076923076923 0.7247596153846154 0.014423076923076924 0.10817307692307693
0 0.2956730769230769 0.7211538461538461 0.016826923076923076 0.11538461538461539
0 0.3076923076923077 0.7379807692307693 0.019230769230769232 0.1141826923076923
0 0.3269230769230769 0.7295673076923077 0.030048076923076924 0.11298076923076923
0 0.36177884615384615 0.7644230769230769 0.056490384615384616 0.29447115384615385
0 0.38100961538461536 0.7139423076923077 0.04567307692307692 0.1502403846153846
0 0.4026442307692308 0.71875 0.018028846153846152 0.09134615384615384
0 0.41947115384615385 0.71875 0.014423076923076924 0.07932692307692307
0 0.4326923076923077 0.7163461538461539 0.019230769230769232 0.0673076923076923
0 0.5012019230769231 0.6706730769230769 0.014423076923076924 0.036057692307692304
0 0.5120192307692307 0.6971153846153846 0.030048076923076924 0.09495192307692307
0 0.5324519230769231 0.7259615384615384 0.014423076923076924 0.08173076923076923
0 0.546875 0.7235576923076923 0.013221153846153846 0.06490384615384616
0 0.5877403846153846 0.7295673076923077 0.021634615384615384 0.07211538461538461
0 0.5973557692307693 0.671875 0.028846153846153848 0.03485576923076923
0 0.6454326923076923 0.7740384615384616 0.09375 0.29086538461538464
0 0.6538461538461539 0.6935096153846154 0.007211538461538462 0.052884615384615384
0 0.6706730769230769 0.7055288461538461 0.008413461538461538 0.040865384615384616
0 0.6850961538461539 0.6850961538461539 0.014423076923076924 0.04447115384615385
0 0.8978365384615384 0.6875 0.014423076923076924 0.036057692307692304
0 0.9074519230769231 0.6899038461538461 0.013221153846153846 0.038461538461538464