0 0.08533653846153846 0.5757211538461539 0.17067307692307693 0.84375
0 0.23317307692307693 0.5793269230769231 0.31971153846153844 0.8389423076923077
0 0.4170673076923077 0.1971153846153846 0.3918269230769231 0.22235576923076922
0 0.3269230769230769 0.6165865384615384 0.17427884615384615 0.765625
0 0.4831730769230769 0.6658653846153846 0.22115384615384615 0.6646634615384616
0 0.6274038461538461 0.5661057692307693 0.33774038461538464 0.8617788461538461
0 0.7223557692307693 0.23557692307692307 0.037259615384615384 0.1814903846153846
0 0.8185096153846154 0.21995192307692307 0.06490384615384616 0.21875
0 0.9086538461538461 0.5985576923076923 0.1814903846153846 0.8004807692307693
0 0.90625 0.19951923076923078 0.06490384615384616 0.16947115384615385
0 0.9555288461538461 0.18028846153846154 0.04807692307692308 0.14543269230769232