0 0.22956730769230768 0.9254807692307693 0.10576923076923077 0.1201923076923077
0 0.24278846153846154 0.5901442307692307 0.027644230769230768 0.04447115384615385
0 0.27283653846153844 0.5961538461538461 0.052884615384615384 0.04447115384615385
0 0.6466346153846154 0.7512019230769231 0.7043269230769231 0.35096153846153844
0 0.33052884615384615 0.5805288461538461 0.04807692307692308 0.04447115384615385
0 0.36899038461538464 0.5841346153846154 0.03485576923076923 0.038461538461538464
0 0.40384615384615385 0.5805288461538461 0.038461538461538464 0.038461538461538464
0 0.4675480769230769 0.5745192307692307 0.06129807692307692 0.03245192307692308
0 0.4855769230769231 0.5456730769230769 0.028846153846153848 0.038461538461538464
0 0.5480769230769231 0.5600961538461539 0.08533653846153846 0.027644230769230768
0 0.6778846153846154 0.42427884615384615 0.01201923076923077 0.027644230769230768
0 0.7103365384615384 0.42427884615384615 0.010817307692307692 0.027644230769230768