0 0.17908653846153846 0.6899038461538461 0.3581730769230769 0.6189903846153846
0 0.31009615384615385 0.7680288461538461 0.08052884615384616 0.43149038461538464
0 0.33774038461538464 0.5877403846153846 0.018028846153846152 0.08173076923076923
0 0.35697115384615385 0.5901442307692307 0.026442307692307692 0.11899038461538461
0 0.3954326923076923 0.6875 0.0733173076923077 0.29447115384615385
0 0.4723557692307692 0.7524038461538461 0.15144230769230768 0.49038461538461536
0 0.5865384615384616 0.6658653846153846 0.04927884615384615 0.22716346153846154
0 0.6538461538461539 0.7223557692307693 0.06971153846153846 0.46634615384615385
0 0.7271634615384616 0.75 0.09375 0.43990384615384615
0 0.8137019230769231 0.6622596153846154 0.06490384615384616 0.3245192307692308
0 0.8774038461538461 0.7055288461538461 0.05889423076923077 0.37259615384615385
0 0.9399038461538461 0.7043269230769231 0.06009615384615385 0.24879807692307693