0 0.2764423076923077 0.5504807692307693 0.3449519230769231 0.8341346153846154
0 0.013221153846153846 0.2548076923076923 0.025240384615384616 0.09134615384615384
0 0.078125 0.22235576923076922 0.019230769230769232 0.03125
0 0.10817307692307693 0.21514423076923078 0.019230769230769232 0.030048076923076924
0 0.3076923076923077 0.18870192307692307 0.006009615384615385 0.021634615384615384
0 0.31850961538461536 0.18870192307692307 0.010817307692307692 0.025240384615384616
0 0.33774038461538464 0.25721153846153844 0.02283653846153846 0.08774038461538461
0 0.3329326923076923 0.19230769230769232 0.008413461538461538 0.010817307692307692
0 0.3401442307692308 0.18870192307692307 0.007211538461538462 0.018028846153846152
0 0.39903846153846156 0.25240384615384615 0.1141826923076923 0.09375
0 0.39302884615384615 0.2644230769230769 0.026442307692307692 0.07451923076923077
0 0.4206730769230769 0.24879807692307693 0.021634615384615384 0.09014423076923077
0 0.6971153846153846 0.5180288461538461 0.47115384615384615 0.9627403846153846
0 0.47475961538461536 0.23317307692307693 0.018028846153846152 0.07091346153846154
0 0.4963942307692308 0.3112980769230769 0.04447115384615385 0.057692307692307696
0 0.4963942307692308 0.25240384615384615 0.01201923076923077 0.08052884615384616
0 0.4963942307692308 0.1935096153846154 0.009615384615384616 0.02283653846153846
0 0.5180288461538461 0.2283653846153846 0.030048076923076924 0.06370192307692307
0 0.5264423076923077 0.18870192307692307 0.001201923076923077 0.018028846153846152
0 0.5300480769230769 0.18870192307692307 0.004807692307692308 0.02283653846153846
0 0.5420673076923077 0.2247596153846154 0.02403846153846154 0.046875
0 0.5360576923076923 0.18870192307692307 0.004807692307692308 0.019230769230769232
0 0.5661057692307693 0.234375 0.028846153846153848 0.038461538461538464
0 0.5997596153846154 0.1971153846153846 0.09014423076923077 0.056490384615384616
0 0.5817307692307693 0.23317307692307693 0.018028846153846152 0.038461538461538464
0 0.8942307692307693 0.25721153846153844 0.21033653846153846 0.09014423076923077
0 0.8774038461538461 0.3701923076923077 0.055288461538461536 0.09014423076923077
0 0.9194711538461539 0.41466346153846156 0.0733173076923077 0.13942307692307693
0 0.9086538461538461 0.18028846153846154 0.016826923076923076 0.03245192307692308