0 0.24278846153846154 0.6201923076923077 0.4855769230769231 0.40625
0 0.13341346153846154 0.3125 0.03365384615384615 0.06009615384615385
0 0.19110576923076922 0.31009615384615385 0.03125 0.06370192307692307
0 0.25240384615384615 0.3137019230769231 0.03125 0.0673076923076923
0 0.32572115384615385 0.31009615384615385 0.03485576923076923 0.057692307692307696
0 0.36778846153846156 0.3161057692307692 0.02403846153846154 0.055288461538461536
0 0.3894230769230769 0.3088942307692308 0.025240384615384616 0.06009615384615385
0 0.42427884615384615 0.31850961538461536 0.036057692307692304 0.057692307692307696
0 0.4423076923076923 0.31490384615384615 0.027644230769230768 0.04927884615384615
0 0.47716346153846156 0.3161057692307692 0.036057692307692304 0.05889423076923077
0 0.5192307692307693 0.3161057692307692 0.018028846153846152 0.06129807692307692
0 0.5372596153846154 0.3137019230769231 0.025240384615384616 0.06129807692307692
0 0.5540865384615384 0.3161057692307692 0.015625 0.04927884615384615
0 0.5757211538461539 0.31009615384615385 0.027644230769230768 0.06610576923076923
0 0.5901442307692307 0.3161057692307692 0.02403846153846154 0.04807692307692308
0 0.6646634615384616 0.31850961538461536 0.028846153846153848 0.052884615384615384
0 0.6838942307692307 0.31850961538461536 0.02403846153846154 0.052884615384615384
0 0.7908653846153846 0.6466346153846154 0.08653846153846154 0.2824519230769231
0 0.8076923076923077 0.3161057692307692 0.026442307692307692 0.06129807692307692
0 0.8629807692307693 0.5973557692307693 0.09615384615384616 0.29927884615384615
0 0.9375 0.3173076923076923 0.12259615384615384 0.07572115384615384