0 0.4182692307692308 0.7980769230769231 0.056490384615384616 0.28725961538461536
0 0.051682692307692304 0.7247596153846154 0.03365384615384615 0.13221153846153846
0 0.0985576923076923 0.6971153846153846 0.021634615384615384 0.09615384615384616
0 0.09615384615384616 0.6947115384615384 0.015625 0.06610576923076923
0 0.13822115384615385 0.7151442307692307 0.03365384615384615 0.15985576923076922
0 0.16947115384615385 0.7079326923076923 0.019230769230769232 0.109375
0 0.1935096153846154 0.71875 0.025240384615384616 0.13701923076923078
0 0.21754807692307693 0.7163461538461539 0.026442307692307692 0.140625
0 0.2403846153846154 0.7175480769230769 0.02403846153846154 0.14182692307692307
0 0.3269230769230769 0.7127403846153846 0.03245192307692308 0.1141826923076923
0 0.3798076923076923 0.7235576923076923 0.025240384615384616 0.1466346153846154
0 0.4495192307692308 0.5120192307692307 0.016826923076923076 0.055288461538461536
0 0.46153846153846156 0.7644230769230769 0.03485576923076923 0.22716346153846154
0 0.4879807692307692 0.8665865384615384 0.03485576923076923 0.1875
0 0.4987980769230769 0.7103365384615384 0.02283653846153846 0.11538461538461539
0 0.5516826923076923 0.8221153846153846 0.046875 0.3088942307692308
0 0.5733173076923077 0.7848557692307693 0.03365384615384615 0.29086538461538464
0 0.6009615384615384 0.46153846153846156 0.019230769230769232 0.06610576923076923
0 0.7259615384615384 0.42908653846153844 0.019230769230769232 0.054086538461538464
0 0.7415865384615384 0.4266826923076923 0.010817307692307692 0.078125
0 0.7848557692307693 0.7091346153846154 0.03365384615384615 0.14302884615384615
0 0.8137019230769231 0.7223557692307693 0.036057692307692304 0.14302884615384615
0 0.8389423076923077 0.7043269230769231 0.03485576923076923 0.14423076923076922
0 0.9134615384615384 0.7980769230769231 0.08413461538461539 0.34615384615384615