0 0.015625 0.6802884615384616 0.010817307692307692 0.04326923076923077
0 0.04326923076923077 0.6153846153846154 0.04567307692307692 0.051682692307692304
0 0.07692307692307693 0.6790865384615384 0.010817307692307692 0.046875
0 0.14783653846153846 0.6658653846153846 0.010817307692307692 0.05048076923076923
0 0.15264423076923078 0.7788461538461539 0.016826923076923076 0.03485576923076923
0 0.16947115384615385 0.7884615384615384 0.019230769230769232 0.03245192307692308
0 0.19591346153846154 0.7620192307692307 0.01201923076923077 0.039663461538461536
0 0.21153846153846154 0.7956730769230769 0.01201923076923077 0.03365384615384615
0 0.23197115384615385 0.7572115384615384 0.013221153846153846 0.028846153846153848
0 0.25 0.7944711538461539 0.014423076923076924 0.04567307692307692
0 0.25721153846153844 0.6454326923076923 0.013221153846153846 0.039663461538461536
0 0.27524038461538464 0.7608173076923077 0.013221153846153846 0.036057692307692304
0 0.29447115384615385 0.7872596153846154 0.018028846153846152 0.037259615384615384
0 0.29927884615384615 0.7632211538461539 0.018028846153846152 0.02403846153846154
0 0.3173076923076923 0.7764423076923077 0.019230769230769232 0.027644230769230768
0 0.34375 0.5925480769230769 0.015625 0.04326923076923077
0 0.3701923076923077 0.5901442307692307 0.039663461538461536 0.05889423076923077
0 0.4831730769230769 0.6165865384615384 0.010817307692307692 0.039663461538461536
0 0.5757211538461539 0.5180288461538461 0.15264423076923078 0.052884615384615384
0 0.5216346153846154 0.6382211538461539 0.009615384615384616 0.039663461538461536
0 0.5901442307692307 0.6947115384615384 0.014423076923076924 0.04807692307692308
0 0.6983173076923077 0.6165865384615384 0.010817307692307692 0.040865384615384616
0 0.8725961538461539 0.5949519230769231 0.01201923076923077 0.038461538461538464
0 0.8846153846153846 0.7788461538461539 0.02283653846153846 0.046875
0 0.9086538461538461 0.6021634615384616 0.010817307692307692 0.03125
0 0.9375 0.7644230769230769 0.021634615384615384 0.05048076923076923
0 0.9555288461538461 0.7055288461538461 0.010817307692307692 0.03485576923076923