0 0.11057692307692307 0.2848557692307692 0.21995192307692307 0.4411057692307692
0 0.1346153846153846 0.9483173076923077 0.04326923076923077 0.08774038461538461
0 0.15745192307692307 0.8161057692307693 0.030048076923076924 0.0889423076923077
0 0.31490384615384615 0.38822115384615385 0.3233173076923077 0.17307692307692307
0 0.4026442307692308 0.4879807692307692 0.38100961538461536 0.09975961538461539
0 0.3004807692307692 0.703125 0.05048076923076923 0.07451923076923077
0 0.3557692307692308 0.5745192307692307 0.038461538461538464 0.08173076923076923
0 0.4170673076923077 0.16826923076923078 0.04326923076923077 0.0625
0 0.4326923076923077 0.8629807692307693 0.052884615384615384 0.07451923076923077
0 0.4519230769230769 0.2127403846153846 0.04326923076923077 0.055288461538461536
0 0.4675480769230769 0.14903846153846154 0.04567307692307692 0.04567307692307692
0 0.7103365384615384 0.30288461538461536 0.4855769230769231 0.4110576923076923
0 0.4963942307692308 0.7776442307692307 0.04567307692307692 0.0733173076923077
0 0.4987980769230769 0.8629807692307693 0.046875 0.08413461538461539
0 0.5336538461538461 0.6742788461538461 0.038461538461538464 0.06129807692307692
0 0.5384615384615384 0.7836538461538461 0.042067307692307696 0.042067307692307696
0 0.5432692307692307 0.7403846153846154 0.042067307692307696 0.06850961538461539
0 0.5925480769230769 0.6971153846153846 0.04326923076923077 0.06129807692307692
0 0.8137019230769231 0.5216346153846154 0.2512019230769231 0.07451923076923077
0 0.7331730769230769 0.7139423076923077 0.03485576923076923 0.078125
0 0.7788461538461539 0.8545673076923077 0.04567307692307692 0.08173076923076923
0 0.953125 0.359375 0.09014423076923077 0.30288461538461536
0 0.9603365384615384 0.5480769230769231 0.03245192307692308 0.037259615384615384
0 0.9879807692307693 0.5528846153846154 0.020432692307692308 0.030048076923076924