0 0.027644230769230768 0.6850961538461539 0.05048076923076923 0.20673076923076922
0 0.20192307692307693 0.7788461538461539 0.09254807692307693 0.43990384615384615
0 0.234375 0.7836538461538461 0.052884615384615384 0.43028846153846156
0 0.2824519230769231 0.8052884615384616 0.07451923076923077 0.38822115384615385
0 0.33413461538461536 0.78125 0.056490384615384616 0.39783653846153844
0 0.37259615384615385 0.7740384615384616 0.04807692307692308 0.38822115384615385
0 0.41947115384615385 0.7572115384615384 0.04807692307692308 0.38822115384615385
0 0.45913461538461536 0.7439903846153846 0.040865384615384616 0.3629807692307692
0 0.47836538461538464 0.765625 0.07572115384615384 0.38461538461538464
0 0.5240384615384616 0.7668269230769231 0.04447115384615385 0.37259615384615385
0 0.5697115384615384 0.7572115384615384 0.054086538461538464 0.38341346153846156
0 0.6033653846153846 0.7644230769230769 0.05889423076923077 0.3701923076923077
0 0.6213942307692307 0.7487980769230769 0.02403846153846154 0.328125
0 0.6502403846153846 0.7740384615384616 0.055288461538461536 0.3485576923076923
0 0.6875 0.7620192307692307 0.04807692307692308 0.3317307692307692
0 0.7127403846153846 0.7872596153846154 0.0673076923076923 0.3605769230769231
0 0.7776442307692307 0.7896634615384616 0.078125 0.38822115384615385
0 0.8966346153846154 0.8762019230769231 0.20552884615384615 0.24519230769230768