0 0.5 0.03485576923076923 0.9987980769230769 0.06971153846153846
0 0.40384615384615385 0.39783653846153844 0.028846153846153848 0.11177884615384616
0 0.4375 0.3629807692307692 0.040865384615384616 0.11538461538461539
0 0.4579326923076923 0.7572115384615384 0.07692307692307693 0.11778846153846154
0 0.5060096153846154 0.5108173076923077 0.055288461538461536 0.07932692307692307
0 0.5673076923076923 0.9603365384615384 0.04927884615384615 0.07692307692307693
0 0.609375 0.42427884615384615 0.08413461538461539 0.22115384615384615
0 0.6081730769230769 0.16947115384615385 0.05048076923076923 0.13341346153846154
0 0.6850961538461539 0.6610576923076923 0.05889423076923077 0.1346153846153846
0 0.6850961538461539 0.9543269230769231 0.06009615384615385 0.0889423076923077
0 0.71875 0.35697115384615385 0.10817307692307693 0.453125
0 0.9170673076923077 0.4266826923076923 0.04447115384615385 0.11177884615384616
0 0.9675480769230769 0.3161057692307692 0.06370192307692307 0.11778846153846154