0 0.1814903846153846 0.05048076923076923 0.3629807692307692 0.09975961538461539
0 0.3701923076923077 0.5192307692307693 0.037259615384615384 0.15745192307692307
0 0.3894230769230769 0.7439903846153846 0.03245192307692308 0.19110576923076922
0 0.39903846153846156 0.7620192307692307 0.04567307692307692 0.21033653846153846
0 0.4230769230769231 0.6742788461538461 0.051682692307692304 0.1778846153846154
0 0.4987980769230769 0.051682692307692304 0.19471153846153846 0.10336538461538461
0 0.47475961538461536 0.7944711538461539 0.07692307692307693 0.18389423076923078
0 0.49038461538461536 0.5564903846153846 0.03245192307692308 0.16706730769230768
0 0.6237980769230769 0.703125 0.04567307692307692 0.1778846153846154
0 0.7379807692307693 0.055288461538461536 0.26802884615384615 0.11057692307692307
0 0.6802884615384616 0.3473557692307692 0.02403846153846154 0.11298076923076923
0 0.7139423076923077 0.28725961538461536 0.04447115384615385 0.09735576923076923
0 0.7115384615384616 0.46153846153846156 0.021634615384615384 0.14543269230769232
0 0.7331730769230769 0.6862980769230769 0.04326923076923077 0.16346153846153846
0 0.7728365384615384 0.21033653846153846 0.020432692307692308 0.07572115384615384
0 0.7980769230769231 0.21514423076923078 0.019230769230769232 0.08653846153846154
0 0.8076923076923077 0.22716346153846154 0.021634615384615384 0.0673076923076923
0 0.9170673076923077 0.0829326923076923 0.16466346153846154 0.14783653846153846
0 0.8942307692307693 0.4879807692307692 0.030048076923076924 0.1778846153846154