0 0.12139423076923077 0.7259615384615384 0.051682692307692304 0.19230769230769232
0 0.004807692307692308 0.671875 0.008413461538461538 0.0889423076923077
0 0.007211538461538462 0.6201923076923077 0.013221153846153846 0.030048076923076924
0 0.02283653846153846 0.6394230769230769 0.018028846153846152 0.05048076923076923
0 0.09014423076923077 0.6478365384615384 0.028846153846153848 0.06610576923076923
0 0.1971153846153846 0.6346153846153846 0.010817307692307692 0.04447115384615385
0 0.43149038461538464 0.7211538461538461 0.027644230769230768 0.10697115384615384
0 0.5264423076923077 0.7403846153846154 0.03245192307692308 0.18028846153846154
0 0.8125 0.6971153846153846 0.021634615384615384 0.12379807692307693
0 0.8966346153846154 0.8882211538461539 0.07572115384615384 0.15865384615384615
0 0.9158653846153846 0.7632211538461539 0.04807692307692308 0.12379807692307693