0 0.5576923076923077 0.49399038461538464 0.05048076923076923 0.19471153846153846
0 0.03125 0.5144230769230769 0.02403846153846154 0.05889423076923077
0 0.06490384615384616 0.5228365384615384 0.018028846153846152 0.025240384615384616
0 0.08413461538461539 0.515625 0.014423076923076924 0.025240384615384616
0 0.10096153846153846 0.5144230769230769 0.013221153846153846 0.026442307692307692
0 0.12740384615384615 0.43509615384615385 0.028846153846153848 0.025240384615384616
0 0.14543269230769232 0.5564903846153846 0.056490384615384616 0.20673076923076922
0 0.3125 0.3485576923076923 0.3737980769230769 0.19230769230769232
0 0.16947115384615385 0.5096153846153846 0.013221153846153846 0.025240384615384616
0 0.18028846153846154 0.5036057692307693 0.019230769230769232 0.036057692307692304
0 0.19591346153846154 0.5036057692307693 0.014423076923076924 0.025240384615384616
0 0.22956730769230768 0.5120192307692307 0.030048076923076924 0.040865384615384616
0 0.32091346153846156 0.5240384615384616 0.05048076923076923 0.1658653846153846
0 0.5132211538461539 0.34134615384615385 0.013221153846153846 0.03125
0 0.53125 0.3449519230769231 0.02403846153846154 0.028846153846153848
0 0.5685096153846154 0.3545673076923077 0.02403846153846154 0.02403846153846154
0 0.5733173076923077 0.25721153846153844 0.026442307692307692 0.028846153846153848
0 0.5925480769230769 0.32091346153846156 0.019230769230769232 0.025240384615384616
0 0.609375 0.31850961538461536 0.013221153846153846 0.026442307692307692
0 0.6514423076923077 0.4579326923076923 0.08052884615384616 0.10697115384615384
0 0.625 0.3317307692307692 0.021634615384615384 0.026442307692307692
0 0.6394230769230769 0.3449519230769231 0.018028846153846152 0.025240384615384616
0 0.96875 0.4326923076923077 0.021634615384615384 0.0889423076923077
0 0.9819711538461539 0.4206730769230769 0.013221153846153846 0.06129807692307692