0 0.45913461538461536 0.24639423076923078 0.16947115384615385 0.21394230769230768
0 0.009615384615384616 0.6274038461538461 0.019230769230769232 0.12980769230769232
0 0.2403846153846154 0.28725961538461536 0.06610576923076923 0.09134615384615384
0 0.22716346153846154 0.4543269230769231 0.03485576923076923 0.05048076923076923
0 0.265625 0.30408653846153844 0.07091346153846154 0.11177884615384616
0 0.27283653846153844 0.17067307692307693 0.03485576923076923 0.04927884615384615
0 0.27163461538461536 0.4483173076923077 0.027644230769230768 0.042067307692307696
0 0.3798076923076923 0.4495192307692308 0.07692307692307693 0.0625
0 0.4795673076923077 0.4543269230769231 0.018028846153846152 0.039663461538461536
0 0.49158653846153844 0.453125 0.008413461538461538 0.015625
0 0.5036057692307693 0.453125 0.016826923076923076 0.037259615384615384
0 0.5372596153846154 0.45072115384615385 0.027644230769230768 0.03125
0 0.5649038461538461 0.45072115384615385 0.028846153846153848 0.040865384615384616
0 0.65625 0.2932692307692308 0.0733173076923077 0.1141826923076923
0 0.6670673076923077 0.11778846153846154 0.09495192307692307 0.078125
0 0.6670673076923077 0.49158653846153844 0.08653846153846154 0.0625
0 0.7283653846153846 0.6754807692307693 0.07451923076923077 0.17548076923076922