0 0.6262019230769231 0.6682692307692307 0.07211538461538461 0.37259615384615385
0 0.4831730769230769 0.44591346153846156 0.9663461538461539 0.43990384615384615
0 0.037259615384615384 0.04326923076923077 0.026442307692307692 0.08653846153846154
0 0.0673076923076923 0.04807692307692308 0.028846153846153848 0.09495192307692307
0 0.09495192307692307 0.051682692307692304 0.028846153846153848 0.10336538461538461
0 0.21995192307692307 0.7007211538461539 0.26322115384615385 0.5961538461538461
0 0.3605769230769231 0.6923076923076923 0.08173076923076923 0.49399038461538464
0 0.41947115384615385 0.703125 0.06850961538461539 0.40865384615384615
0 0.4735576923076923 0.6610576923076923 0.08653846153846154 0.45552884615384615
0 0.5444711538461539 0.6634615384615384 0.09134615384615384 0.41466346153846156
0 0.9038461538461539 0.7331730769230769 0.18509615384615385 0.53125