0 0.04567307692307692 0.7319711538461539 0.007211538461538462 0.04567307692307692
0 0.06850961538461539 0.6838942307692307 0.01201923076923077 0.051682692307692304
0 0.08653846153846154 0.6838942307692307 0.013221153846153846 0.06370192307692307
0 0.10697115384615384 0.640625 0.006009615384615385 0.042067307692307696
0 0.11538461538461539 0.6454326923076923 0.003605769230769231 0.03485576923076923
0 0.12139423076923077 0.640625 0.008413461538461538 0.03485576923076923
0 0.14543269230769232 0.7572115384615384 0.018028846153846152 0.025240384615384616
0 0.14903846153846154 0.7692307692307693 0.019230769230769232 0.028846153846153848
0 0.15745192307692307 0.7524038461538461 0.013221153846153846 0.05889423076923077
0 0.17548076923076922 0.7584134615384616 0.021634615384615384 0.054086538461538464
0 0.1935096153846154 0.7235576923076923 0.016826923076923076 0.06129807692307692
0 0.22596153846153846 0.7992788461538461 0.021634615384615384 0.07572115384615384
0 0.23076923076923078 0.7355769230769231 0.013221153846153846 0.06129807692307692
0 0.23798076923076922 0.8004807692307693 0.010817307692307692 0.038461538461538464
0 0.24519230769230768 0.7644230769230769 0.015625 0.038461538461538464
0 0.24879807692307693 0.8209134615384616 0.020432692307692308 0.0673076923076923
0 0.25240384615384615 0.7391826923076923 0.008413461538461538 0.027644230769230768
0 0.25961538461538464 0.7836538461538461 0.01201923076923077 0.042067307692307696
0 0.25841346153846156 0.7572115384615384 0.007211538461538462 0.020432692307692308
0 0.2644230769230769 0.8161057692307693 0.01201923076923077 0.054086538461538464
0 0.28125 0.7800480769230769 0.036057692307692304 0.14302884615384615
0 0.29927884615384615 0.8112980769230769 0.018028846153846152 0.07932692307692307
0 0.33052884615384615 0.7644230769230769 0.05889423076923077 0.10096153846153846
0 0.3161057692307692 0.8317307692307693 0.020432692307692308 0.06971153846153846
0 0.3473557692307692 0.8209134615384616 0.038461538461538464 0.09735576923076923
0 0.3485576923076923 0.7055288461538461 0.015625 0.042067307692307696
0 0.3641826923076923 0.7632211538461539 0.009615384615384616 0.04807692307692308
0 0.36899038461538464 0.7596153846153846 0.008413461538461538 0.04447115384615385
0 0.3942307692307692 0.7764423076923077 0.04567307692307692 0.10216346153846154
0 0.390625 0.828125 0.018028846153846152 0.07692307692307693
0 0.40625 0.8293269230769231 0.010817307692307692 0.08052884615384616
0 0.4230769230769231 0.7608173076923077 0.010817307692307692 0.06370192307692307
0 0.4651442307692308 0.8449519230769231 0.09495192307692307 0.1310096153846154
0 0.4326923076923077 0.7920673076923077 0.01201923076923077 0.04927884615384615
0 0.43990384615384615 0.7560096153846154 0.01201923076923077 0.04807692307692308
0 0.4567307692307692 0.7367788461538461 0.009615384615384616 0.027644230769230768
0 0.4579326923076923 0.7620192307692307 0.009615384615384616 0.04807692307692308
0 0.4699519230769231 0.7668269230769231 0.010817307692307692 0.04567307692307692
0 0.4951923076923077 0.7524038461538461 0.051682692307692304 0.08052884615384616
0 0.4831730769230769 0.7728365384615384 0.01201923076923077 0.04807692307692308
0 0.5961538461538461 0.859375 0.1622596153846154 0.16706730769230768
0 0.5540865384615384 0.640625 0.006009615384615385 0.03485576923076923
0 0.5612980769230769 0.6442307692307693 0.009615384615384616 0.040865384615384616
0 0.5673076923076923 0.7632211538461539 0.009615384615384616 0.07091346153846154
0 0.6862980769230769 0.8737980769230769 0.016826923076923076 0.06971153846153846
0 0.6862980769230769 0.9086538461538461 0.013221153846153846 0.038461538461538464
0 0.6935096153846154 0.8557692307692307 0.007211538461538462 0.04807692307692308
0 0.7043269230769231 0.8641826923076923 0.008413461538461538 0.0673076923076923
0 0.7139423076923077 0.8629807692307693 0.016826923076923076 0.07692307692307693
0 0.7151442307692307 0.8858173076923077 0.009615384615384616 0.02403846153846154
0 0.7175480769230769 0.9074519230769231 0.010817307692307692 0.03485576923076923
0 0.75 0.8713942307692307 0.01201923076923077 0.052884615384615384
0 0.7740384615384616 0.9206730769230769 0.018028846153846152 0.07572115384615384
0 0.8317307692307693 0.9086538461538461 0.026442307692307692 0.07692307692307693
0 0.8497596153846154 0.9110576923076923 0.018028846153846152 0.04567307692307692
0 0.8665865384615384 0.9086538461538461 0.018028846153846152 0.04447115384615385