0 0.04326923076923077 0.5733173076923077 0.018028846153846152 0.08533653846153846
0 0.05889423076923077 0.5757211538461539 0.02403846153846154 0.10817307692307693
0 0.0733173076923077 0.5612980769230769 0.03485576923076923 0.12620192307692307
0 0.1045673076923077 0.5889423076923077 0.05048076923076923 0.2776442307692308
0 0.125 0.484375 0.020432692307692308 0.0829326923076923
0 0.2620192307692308 0.5324519230769231 0.09134615384615384 0.30528846153846156
0 0.33653846153846156 0.59375 0.0889423076923077 0.47836538461538464
0 0.41466346153846156 0.5997596153846154 0.08653846153846154 0.5600961538461539
0 0.4735576923076923 0.5492788461538461 0.038461538461538464 0.13701923076923078
0 0.5096153846153846 0.5733173076923077 0.021634615384615384 0.07932692307692307
0 0.5240384615384616 0.5757211538461539 0.006009615384615385 0.06129807692307692
0 0.6262019230769231 0.5252403846153846 0.04927884615384615 0.14423076923076922
0 0.6947115384615384 0.6923076923076923 0.13822115384615385 0.4110576923076923
0 0.6694711538461539 0.4879807692307692 0.05048076923076923 0.054086538461538464
0 0.7680288461538461 0.6923076923076923 0.15144230769230768 0.39903846153846156
0 0.8064903846153846 0.5576923076923077 0.018028846153846152 0.054086538461538464
0 0.8485576923076923 0.5913461538461539 0.07091346153846154 0.2620192307692308
0 0.9134615384615384 0.5853365384615384 0.07091346153846154 0.14182692307692307
0 0.9002403846153846 0.5444711538461539 0.028846153846153848 0.07211538461538461
0 0.9471153846153846 0.5757211538461539 0.09254807692307693 0.27524038461538464