0 0.019230769230769232 0.5925480769230769 0.038461538461538464 0.30649038461538464
0 0.06129807692307692 0.7103365384615384 0.08173076923076923 0.4855769230769231
0 0.051682692307692304 0.5336538461538461 0.040865384615384616 0.2668269230769231
0 0.13341346153846154 0.6778846153846154 0.08052884615384616 0.47596153846153844
0 0.234375 0.7007211538461539 0.109375 0.5240384615384616
0 0.30288461538461536 0.6658653846153846 0.0733173076923077 0.4483173076923077
0 0.3173076923076923 0.5048076923076923 0.027644230769230768 0.04927884615384615
0 0.33653846153846156 0.6153846153846154 0.03245192307692308 0.14783653846153846
0 0.38100961538461536 0.5540865384615384 0.03245192307692308 0.23798076923076922
0 0.4170673076923077 0.65625 0.08653846153846154 0.4855769230769231
0 0.48677884615384615 0.6694711538461539 0.07932692307692307 0.5432692307692307
0 0.5480769230769231 0.49278846153846156 0.038461538461538464 0.07091346153846154
0 0.5528846153846154 0.5913461538461539 0.04447115384615385 0.12740384615384615
0 0.5757211538461539 0.5516826923076923 0.019230769230769232 0.07932692307692307
0 0.6418269230769231 0.6706730769230769 0.09615384615384616 0.5132211538461539
0 0.640625 0.6225961538461539 0.0829326923076923 0.5144230769230769
0 0.7043269230769231 0.5120192307692307 0.036057692307692304 0.17067307692307693
0 0.7439903846153846 0.5348557692307693 0.030048076923076924 0.16947115384615385
0 0.7475961538461539 0.4519230769230769 0.03245192307692308 0.04447115384615385
0 0.7992788461538461 0.6899038461538461 0.08173076923076923 0.5048076923076923
0 0.7704326923076923 0.47716346153846156 0.021634615384615384 0.0829326923076923
0 0.8245192307692307 0.4735576923076923 0.038461538461538464 0.07211538461538461
0 0.828125 0.5685096153846154 0.037259615384615384 0.21875
0 0.859375 0.6201923076923077 0.04807692307692308 0.4639423076923077
0 0.8930288461538461 0.6310096153846154 0.07692307692307693 0.4675480769230769
0 0.9519230769230769 0.47716346153846156 0.055288461538461536 0.09735576923076923
0 0.984375 0.6634615384615384 0.028846153846153848 0.3762019230769231