0 0.019230769230769232 0.6658653846153846 0.037259615384615384 0.1875
0 0.05889423076923077 0.8689903846153846 0.08533653846153846 0.24759615384615385
0 0.04567307692307692 0.7115384615384616 0.046875 0.25841346153846156
0 0.08533653846153846 0.7391826923076923 0.08774038461538461 0.16466346153846154
0 0.0829326923076923 0.6454326923076923 0.05889423076923077 0.10697115384615384
0 0.1502403846153846 0.8425480769230769 0.09014423076923077 0.24278846153846154
0 0.12620192307692307 0.6550480769230769 0.039663461538461536 0.14182692307692307
0 0.15264423076923078 0.6105769230769231 0.036057692307692304 0.078125
0 0.17548076923076922 0.6033653846153846 0.020432692307692308 0.06009615384615385
0 0.18629807692307693 0.6526442307692307 0.03365384615384615 0.1045673076923077
0 0.22115384615384615 0.7307692307692307 0.08533653846153846 0.125
0 0.21754807692307693 0.6490384615384616 0.05048076923076923 0.11658653846153846
0 0.23677884615384615 0.8377403846153846 0.06009615384615385 0.27403846153846156
0 0.2644230769230769 0.6502403846153846 0.042067307692307696 0.15264423076923078
0 0.28846153846153844 0.765625 0.04567307692307692 0.19831730769230768
0 0.3112980769230769 0.6358173076923077 0.056490384615384616 0.14302884615384615
0 0.32572115384615385 0.8221153846153846 0.0673076923076923 0.3112980769230769
0 0.359375 0.6213942307692307 0.03485576923076923 0.08533653846153846
0 0.37740384615384615 0.6694711538461539 0.0673076923076923 0.11298076923076923
0 0.37259615384615385 0.5408653846153846 0.03245192307692308 0.06850961538461539
0 0.39302884615384615 0.6358173076923077 0.03125 0.09975961538461539
0 0.4182692307692308 0.5769230769230769 0.030048076923076924 0.12379807692307693
0 0.4387019230769231 0.8209134615384616 0.04927884615384615 0.2956730769230769
0 0.47475961538461536 0.734375 0.06971153846153846 0.23557692307692307
0 0.5288461538461539 0.7824519230769231 0.04326923076923077 0.30408653846153844
0 0.5625 0.8353365384615384 0.06971153846153846 0.28725961538461536
0 0.5637019230769231 0.6153846153846154 0.04447115384615385 0.08774038461538461
0 0.5685096153846154 0.6742788461538461 0.04567307692307692 0.13701923076923078
0 0.6165865384615384 0.6334134615384616 0.04927884615384615 0.11298076923076923
0 0.6262019230769231 0.7247596153846154 0.055288461538461536 0.21875
0 0.6862980769230769 0.6622596153846154 0.06490384615384616 0.11658653846153846
0 0.7427884615384616 0.7307692307692307 0.04447115384615385 0.25721153846153844
0 0.7896634615384616 0.8341346153846154 0.06971153846153846 0.33052884615384615
0 0.8016826923076923 0.6610576923076923 0.04567307692307692 0.14543269230769232
0 0.8389423076923077 0.6346153846153846 0.05889423076923077 0.09975961538461539
0 0.859375 0.7896634615384616 0.06490384615384616 0.2824519230769231
0 0.8882211538461539 0.7295673076923077 0.04326923076923077 0.2620192307692308
0 0.9122596153846154 0.8810096153846154 0.056490384615384616 0.18870192307692307
0 0.9206730769230769 0.7451923076923077 0.055288461538461536 0.24879807692307693
0 0.9242788461538461 0.6177884615384616 0.04447115384615385 0.07091346153846154
0 0.9735576923076923 0.6490384615384616 0.051682692307692304 0.11538461538461539
0 0.9759615384615384 0.8353365384615384 0.046875 0.30649038461538464