0 0.025240384615384616 0.14182692307692307 0.04927884615384615 0.28365384615384615
0 0.09375 0.48197115384615385 0.11899038461538461 0.7415865384615384
0 0.1346153846153846 0.4411057692307692 0.09134615384615384 0.5949519230769231
0 0.17067307692307693 0.11899038461538461 0.08173076923076923 0.23798076923076922
0 0.2283653846153846 0.5048076923076923 0.18028846153846154 0.7956730769230769
0 0.30288461538461536 0.48197115384615385 0.11778846153846154 0.7848557692307693
0 0.35096153846153844 0.11658653846153846 0.11057692307692307 0.23317307692307693
0 0.37740384615384615 0.47475961538461536 0.11778846153846154 0.7151442307692307
0 0.4735576923076923 0.47115384615384615 0.12259615384615384 0.7091346153846154
0 0.49038461538461536 0.5216346153846154 0.12259615384615384 0.7848557692307693
0 0.5805288461538461 0.4254807692307692 0.04927884615384615 0.6069711538461539
0 0.5949519230769231 0.43990384615384615 0.07692307692307693 0.6346153846153846
0 0.6466346153846154 0.5060096153846154 0.13942307692307693 0.7752403846153846
0 0.6778846153846154 0.46634615384615385 0.1346153846153846 0.7367788461538461
0 0.8016826923076923 0.4891826923076923 0.12740384615384615 0.7572115384615384
0 0.8918269230769231 0.42427884615384615 0.16105769230769232 0.7391826923076923