0 0.030048076923076924 0.16706730769230768 0.06009615384615385 0.1466346153846154
0 0.052884615384615384 0.05048076923076923 0.10576923076923077 0.10096153846153846
0 0.0673076923076923 0.3942307692307692 0.06971153846153846 0.08653846153846154
0 0.06610576923076923 0.18509615384615385 0.04927884615384615 0.13221153846153846
0 0.15865384615384615 0.11057692307692307 0.19110576923076922 0.22115384615384615
0 0.3473557692307692 0.08173076923076923 0.2091346153846154 0.16346153846153846
0 0.3629807692307692 0.2247596153846154 0.021634615384615384 0.08413461538461539
0 0.3942307692307692 0.22956730769230768 0.020432692307692308 0.06850961538461539
0 0.41586538461538464 0.2644230769230769 0.03365384615384615 0.08173076923076923
0 0.49759615384615385 0.75 0.10216346153846154 0.4963942307692308
0 0.6033653846153846 0.08774038461538461 0.28966346153846156 0.17548076923076922
0 0.6045673076923077 0.234375 0.025240384615384616 0.08173076923076923
0 0.6370192307692307 0.2247596153846154 0.020432692307692308 0.07572115384615384
0 0.8665865384615384 0.13701923076923078 0.2620192307692308 0.27403846153846156
0 0.7512019230769231 0.25961538461538464 0.026442307692307692 0.08653846153846154
0 0.7992788461538461 0.28966346153846156 0.02403846153846154 0.09615384615384616
0 0.8137019230769231 0.36899038461538464 0.051682692307692304 0.078125
0 0.8641826923076923 0.27163461538461536 0.021634615384615384 0.05048076923076923
0 0.8846153846153846 0.2644230769230769 0.027644230769230768 0.036057692307692304
0 0.9567307692307693 0.31850961538461536 0.04447115384615385 0.0733173076923077