0 0.052884615384615384 0.8894230769230769 0.10576923076923077 0.21634615384615385
0 0.18269230769230768 0.8665865384615384 0.171875 0.2644230769230769
0 0.36538461538461536 0.9483173076923077 0.09134615384615384 0.09254807692307693
0 0.4423076923076923 0.9747596153846154 0.06009615384615385 0.04807692307692308
0 0.4675480769230769 0.9423076923076923 0.040865384615384616 0.078125
0 0.7055288461538461 0.953125 0.038461538461538464 0.09254807692307693
0 0.7331730769230769 0.7259615384615384 0.030048076923076924 0.08533653846153846
0 0.7836538461538461 0.75 0.015625 0.04567307692307692
0 0.8377403846153846 0.9723557692307693 0.04927884615384615 0.054086538461538464
0 0.8401442307692307 0.9350961538461539 0.054086538461538464 0.055288461538461536
0 0.9098557692307693 0.7728365384615384 0.17908653846153846 0.4519230769230769