0 0.08173076923076923 0.9026442307692307 0.09615384615384616 0.15264423076923078
0 0.3894230769230769 0.9290865384615384 0.052884615384615384 0.13701923076923078
0 0.5661057692307693 0.9350961538461539 0.04807692307692308 0.12740384615384615
0 0.6045673076923077 0.9350961538461539 0.040865384615384616 0.12860576923076922
0 0.6418269230769231 0.9350961538461539 0.040865384615384616 0.12740384615384615
0 0.6923076923076923 0.9290865384615384 0.08653846153846154 0.13701923076923078
0 0.7776442307692307 0.9350961538461539 0.06370192307692307 0.12860576923076922
0 0.8689903846153846 0.9375 0.0733173076923077 0.12379807692307693
0 0.9134615384615384 0.9591346153846154 0.08413461538461539 0.08052884615384616
0 0.953125 0.9266826923076923 0.09254807692307693 0.14423076923076922
0 0.9735576923076923 0.9230769230769231 0.04807692307692308 0.14903846153846154