0 0.17427884615384615 0.47475961538461536 0.32572115384615385 0.7079326923076923
0 0.057692307692307696 0.10697115384615384 0.06370192307692307 0.19831730769230768
0 0.11177884615384616 0.10216346153846154 0.06971153846153846 0.20432692307692307
0 0.19471153846153846 0.15865384615384615 0.03365384615384615 0.0829326923076923
0 0.22115384615384615 0.10096153846153846 0.0673076923076923 0.20192307692307693
0 0.37740384615384615 0.5360576923076923 0.2932692307692308 0.6286057692307693
0 0.2848557692307692 0.10697115384615384 0.04927884615384615 0.21394230769230768
0 0.36778846153846156 0.12980769230769232 0.07451923076923077 0.18629807692307693
0 0.40625 0.11658653846153846 0.07451923076923077 0.23197115384615385
0 0.5540865384615384 0.515625 0.2704326923076923 0.7079326923076923
0 0.49399038461538464 0.10576923076923077 0.07932692307692307 0.21153846153846154
0 0.5865384615384616 0.11057692307692307 0.04447115384615385 0.21634615384615385
0 0.6262019230769231 0.12259615384615384 0.037259615384615384 0.19831730769230768
0 0.7043269230769231 0.5649038461538461 0.17908653846153846 0.6646634615384616
0 0.8389423076923077 0.5733173076923077 0.21394230769230768 0.7079326923076923
0 0.7512019230769231 0.19591346153846154 0.027644230769230768 0.055288461538461536
0 0.8245192307692307 0.18509615384615385 0.04567307692307692 0.08774038461538461
0 0.8870192307692307 0.1622596153846154 0.039663461538461536 0.12860576923076922
0 0.9555288461538461 0.18509615384615385 0.03245192307692308 0.109375
0 0.9855769230769231 0.15625 0.027644230769230768 0.14903846153846154