0 0.41466346153846156 0.6069711538461539 0.04447115384615385 0.15985576923076922
0 0.06850961538461539 0.6081730769230769 0.03365384615384615 0.10817307692307693
0 0.11778846153846154 0.6057692307692307 0.036057692307692304 0.11538461538461539
0 0.15384615384615385 0.6009615384615384 0.03245192307692308 0.11177884615384616
0 0.19110576923076922 0.6009615384615384 0.028846153846153848 0.11177884615384616
0 0.22235576923076922 0.5913461538461539 0.027644230769230768 0.109375
0 0.2536057692307692 0.5949519230769231 0.03245192307692308 0.12139423076923077
0 0.28846153846153844 0.6009615384615384 0.030048076923076924 0.11177884615384616
0 0.3173076923076923 0.6009615384615384 0.028846153846153848 0.11177884615384616
0 0.3485576923076923 0.5949519230769231 0.03125 0.12259615384615384
0 0.38221153846153844 0.5985576923076923 0.020432692307692308 0.125
0 0.47716346153846156 0.5973557692307693 0.019230769230769232 0.10576923076923077
0 0.5120192307692307 0.5877403846153846 0.030048076923076924 0.11778846153846154
0 0.5432692307692307 0.5853365384615384 0.03245192307692308 0.10216346153846154
0 0.5697115384615384 0.5012019230769231 0.019230769230769232 0.040865384615384616
0 0.5793269230769231 0.5877403846153846 0.02403846153846154 0.10096153846153846
0 0.6021634615384616 0.5877403846153846 0.02403846153846154 0.11778846153846154
0 0.6117788461538461 0.6045673076923077 0.019230769230769232 0.10096153846153846
0 0.6346153846153846 0.5841346153846154 0.036057692307692304 0.11778846153846154
0 0.6706730769230769 0.5817307692307693 0.028846153846153848 0.11177884615384616
0 0.6995192307692307 0.5721153846153846 0.028846153846153848 0.109375
0 0.7283653846153846 0.5721153846153846 0.03245192307692308 0.109375
0 0.7355769230769231 0.38461538461538464 0.02403846153846154 0.078125
0 0.7524038461538461 0.4423076923076923 0.019230769230769232 0.051682692307692304
0 0.7644230769230769 0.5709134615384616 0.03365384615384615 0.1141826923076923
0 0.8016826923076923 0.5709134615384616 0.028846153846153848 0.1141826923076923
0 0.8497596153846154 0.5721153846153846 0.028846153846153848 0.10576923076923077
0 0.8786057692307693 0.5757211538461539 0.027644230769230768 0.09495192307692307
0 0.9158653846153846 0.578125 0.030048076923076924 0.10576923076923077
0 0.9435096153846154 0.5721153846153846 0.028846153846153848 0.11899038461538461