0 0.6310096153846154 0.8076923076923077 0.06129807692307692 0.2620192307692308
0 0.015625 0.8762019230769231 0.030048076923076924 0.22716346153846154
0 0.4951923076923077 0.6959134615384616 0.9819711538461539 0.5901442307692307
0 0.06490384615384616 0.7451923076923077 0.055288461538461536 0.16947115384615385
0 0.10336538461538461 0.7007211538461539 0.030048076923076924 0.1814903846153846
0 0.125 0.859375 0.04567307692307692 0.22355769230769232
0 0.6778846153846154 0.8004807692307693 0.039663461538461536 0.18028846153846154
0 0.7055288461538461 0.8641826923076923 0.04447115384615385 0.23076923076923078
0 0.7475961538461539 0.8040865384615384 0.05048076923076923 0.19230769230769232
0 0.7620192307692307 0.6189903846153846 0.038461538461538464 0.12620192307692307
0 0.796875 0.8725961538461539 0.06009615384615385 0.25
0 0.7980769230769231 0.6165865384615384 0.028846153846153848 0.11177884615384616
0 0.8305288461538461 0.9543269230769231 0.06009615384615385 0.08774038461538461
0 0.8341346153846154 0.6177884615384616 0.03365384615384615 0.11658653846153846
0 0.9867788461538461 0.5396634615384616 0.019230769230769232 0.0733173076923077
0 0.9927884615384616 0.6478365384615384 0.009615384615384616 0.12740384615384615