0 0.5757211538461539 0.49399038461538464 0.21634615384615385 0.47716346153846156
0 0.17908653846153846 0.1935096153846154 0.08052884615384616 0.2608173076923077
0 0.27524038461538464 0.4699519230769231 0.26322115384615385 0.3918269230769231
0 0.2824519230769231 0.21634615384615385 0.052884615384615384 0.23197115384615385
0 0.4206730769230769 0.21875 0.11057692307692307 0.24879807692307693
0 0.4014423076923077 0.20793269230769232 0.04567307692307692 0.25721153846153844
0 0.6382211538461539 0.21153846153846154 0.07091346153846154 0.2439903846153846
0 0.7139423076923077 0.22235576923076922 0.051682692307692304 0.23197115384615385
0 0.7680288461538461 0.19591346153846154 0.06971153846153846 0.2127403846153846
0 0.8137019230769231 0.21875 0.06850961538461539 0.23677884615384615
0 0.9507211538461539 0.21514423076923078 0.09735576923076923 0.28966346153846156