0 0.27283653846153844 0.6490384615384616 0.5444711538461539 0.5204326923076923
0 0.3858173076923077 0.6201923076923077 0.12139423076923077 0.6358173076923077
0 0.46274038461538464 0.6225961538461539 0.09134615384615384 0.6021634615384616
0 0.5360576923076923 0.6622596153846154 0.13221153846153846 0.5168269230769231
0 0.5841346153846154 0.6382211538461539 0.08173076923076923 0.5288461538461539
0 0.6334134615384616 0.6057692307692307 0.14302884615384615 0.7295673076923077
0 0.6334134615384616 0.8641826923076923 0.04326923076923077 0.0889423076923077
0 0.7223557692307693 0.640625 0.06971153846153846 0.5625
0 0.7560096153846154 0.6237980769230769 0.10216346153846154 0.5576923076923077
0 0.8125 0.6153846153846154 0.08173076923076923 0.5769230769230769
0 0.8701923076923077 0.6165865384615384 0.109375 0.5901442307692307
0 0.9314903846153846 0.6057692307692307 0.13581730769230768 0.6646634615384616
0 0.953125 0.7548076923076923 0.09254807692307693 0.28125