0 0.11538461538461539 0.3786057692307692 0.16105769230769232 0.41225961538461536
0 0.13581730769230768 0.421875 0.0673076923076923 0.4675480769230769
0 0.19591346153846154 0.4362980769230769 0.08413461538461539 0.390625
0 0.20793269230769232 0.4519230769230769 0.08052884615384616 0.38100961538461536
0 0.26322115384615385 0.43509615384615385 0.09254807692307693 0.4362980769230769
0 0.29086538461538464 0.4735576923076923 0.05889423076923077 0.31971153846153844
0 0.34615384615384615 0.37259615384615385 0.054086538461538464 0.421875
0 0.34975961538461536 0.3954326923076923 0.05048076923076923 0.41947115384615385
0 0.41947115384615385 0.4579326923076923 0.1141826923076923 0.4362980769230769
0 0.4567307692307692 0.5 0.055288461538461536 0.3473557692307692
0 0.5228365384615384 0.4110576923076923 0.078125 0.49399038461538464
0 0.5456730769230769 0.43509615384615385 0.05889423076923077 0.39302884615384615
0 0.5625 0.48197115384615385 0.04807692307692308 0.40625
0 0.6033653846153846 0.4050480769230769 0.0733173076923077 0.3954326923076923
0 0.6394230769230769 0.5084134615384616 0.054086538461538464 0.3629807692307692
0 0.6826923076923077 0.375 0.10096153846153846 0.328125
0 0.7620192307692307 0.39783653846153844 0.09975961538461539 0.31850961538461536
0 0.8016826923076923 0.38461538461538464 0.07692307692307693 0.296875
0 0.8449519230769231 0.46274038461538464 0.09014423076923077 0.38822115384615385
0 0.8882211538461539 0.41947115384615385 0.10336538461538461 0.3125
0 0.9314903846153846 0.3088942307692308 0.0985576923076923 0.5132211538461539