0 0.018028846153846152 0.36899038461538464 0.010817307692307692 0.028846153846153848
0 0.0829326923076923 0.47115384615384615 0.013221153846153846 0.03245192307692308
0 0.1201923076923077 0.39302884615384615 0.030048076923076924 0.057692307692307696
0 0.28125 0.5024038461538461 0.014423076923076924 0.051682692307692304
0 0.2800480769230769 0.4230769230769231 0.009615384615384616 0.028846153846153848
0 0.28966346153846156 0.421875 0.002403846153846154 0.014423076923076924
0 0.29086538461538464 0.48197115384615385 0.002403846153846154 0.019230769230769232
0 0.3545673076923077 0.4026442307692308 0.02403846153846154 0.015625
0 0.3798076923076923 0.4026442307692308 0.010817307692307692 0.02403846153846154
0 0.38221153846153844 0.35697115384615385 0.014423076923076924 0.02403846153846154
0 0.390625 0.3629807692307692 0.006009615384615385 0.037259615384615384
0 0.42427884615384615 0.5444711538461539 0.06129807692307692 0.03125
0 0.4423076923076923 0.4411057692307692 0.02403846153846154 0.021634615384615384
0 0.46634615384615385 0.5456730769230769 0.006009615384615385 0.018028846153846152
0 0.4735576923076923 0.5516826923076923 0.007211538461538462 0.014423076923076924
0 0.5048076923076923 0.5420673076923077 0.019230769230769232 0.03485576923076923
0 0.5637019230769231 0.5444711538461539 0.037259615384615384 0.03245192307692308
0 0.6298076923076923 0.40024038461538464 0.028846153846153848 0.037259615384615384
0 0.6310096153846154 0.36538461538461536 0.03365384615384615 0.021634615384615384
0 0.6286057692307693 0.5420673076923077 0.019230769230769232 0.03125
0 0.6298076923076923 0.5420673076923077 0.01201923076923077 0.021634615384615384
0 0.6538461538461539 0.5420673076923077 0.009615384615384616 0.03245192307692308
0 0.671875 0.5408653846153846 0.006009615384615385 0.028846153846153848
0 0.6995192307692307 0.3894230769230769 0.019230769230769232 0.05048076923076923
0 0.7644230769230769 0.40384615384615385 0.009615384615384616 0.025240384615384616
0 0.7716346153846154 0.40384615384615385 0.006009615384615385 0.021634615384615384
0 0.8485576923076923 0.45552884615384615 0.12740384615384615 0.10336538461538461
0 0.7920673076923077 0.5396634615384616 0.009615384615384616 0.014423076923076924
0 0.8040865384615384 0.5480769230769231 0.008413461538461538 0.02403846153846154
0 0.8257211538461539 0.5492788461538461 0.028846153846153848 0.02403846153846154
0 0.9278846153846154 0.5420673076923077 0.028846153846153848 0.025240384615384616
0 0.9242788461538461 0.4182692307692308 0.015625 0.038461538461538464
0 0.9290865384615384 0.4387019230769231 0.02403846153846154 0.08774038461538461