0 0.19831730769230768 0.8413461538461539 0.055288461538461536 0.1875
0 0.026442307692307692 0.8425480769230769 0.052884615384615384 0.21033653846153846
0 0.06370192307692307 0.8293269230769231 0.027644230769230768 0.15865384615384615
0 0.09615384615384616 0.8353365384615384 0.06850961538461539 0.21514423076923078
0 0.14423076923076922 0.8293269230769231 0.056490384615384616 0.19831730769230768
0 0.17307692307692307 0.8173076923076923 0.028846153846153848 0.1466346153846154
0 0.23677884615384615 0.8245192307692307 0.016826923076923076 0.12980769230769232
0 0.25961538461538464 0.8293269230769231 0.04447115384615385 0.15985576923076922
0 0.27524038461538464 0.8233173076923077 0.007211538461538462 0.13581730769230768
0 0.28725961538461536 0.7752403846153846 0.008413461538461538 0.03365384615384615
0 0.296875 0.8137019230769231 0.019230769230769232 0.13942307692307693
0 0.31490384615384615 0.8161057692307693 0.036057692307692304 0.17067307692307693
0 0.34615384615384615 0.7992788461538461 0.016826923076923076 0.13221153846153846
0 0.36899038461538464 0.8209134615384616 0.02403846153846154 0.13701923076923078
0 0.38461538461538464 0.8125 0.01201923076923077 0.10216346153846154
0 0.39663461538461536 0.7956730769230769 0.014423076923076924 0.10096153846153846
0 0.41225961538461536 0.8185096153846154 0.03485576923076923 0.14903846153846154
0 0.4567307692307692 0.8016826923076923 0.038461538461538464 0.14903846153846154
0 0.5036057692307693 0.7992788461538461 0.038461538461538464 0.14423076923076922
0 0.49399038461538464 0.7560096153846154 0.006009615384615385 0.02283653846153846
0 0.5372596153846154 0.7992788461538461 0.030048076923076924 0.14302884615384615
0 0.5588942307692307 0.7572115384615384 0.015625 0.02403846153846154
0 0.5721153846153846 0.7548076923076923 0.008413461538461538 0.020432692307692308
0 0.5865384615384616 0.7980769230769231 0.03485576923076923 0.13701923076923078
0 0.6045673076923077 0.75 0.008413461538461538 0.03245192307692308
0 0.6141826923076923 0.796875 0.020432692307692308 0.125
0 0.6382211538461539 0.7932692307692307 0.02403846153846154 0.12620192307692307
0 0.6634615384615384 0.7932692307692307 0.025240384615384616 0.11298076923076923
0 0.6790865384615384 0.75 0.008413461538461538 0.027644230769230768
0 0.6838942307692307 0.7475961538461539 0.015625 0.04807692307692308
0 0.703125 0.7884615384615384 0.037259615384615384 0.12379807692307693
0 0.7235576923076923 0.7872596153846154 0.018028846153846152 0.1201923076923077
0 0.7355769230769231 0.7884615384615384 0.02403846153846154 0.11298076923076923
0 0.7524038461538461 0.7932692307692307 0.021634615384615384 0.08653846153846154
0 0.7668269230769231 0.78125 0.020432692307692308 0.09495192307692307
0 0.7764423076923077 0.7403846153846154 0.014423076923076924 0.027644230769230768
0 0.7908653846153846 0.7860576923076923 0.021634615384615384 0.10336538461538461
0 0.8076923076923077 0.78125 0.013221153846153846 0.09134615384615384
0 0.8245192307692307 0.78125 0.021634615384615384 0.078125
0 0.8365384615384616 0.7788461538461539 0.01201923076923077 0.0829326923076923
0 0.8497596153846154 0.7752403846153846 0.016826923076923076 0.0829326923076923
0 0.8617788461538461 0.78125 0.018028846153846152 0.08413461538461539
0 0.8810096153846154 0.7776442307692307 0.019230769230769232 0.09014423076923077
0 0.9086538461538461 0.7800480769230769 0.014423076923076924 0.051682692307692304
0 0.9302884615384616 0.7752403846153846 0.019230769230769232 0.07451923076923077
0 0.9483173076923077 0.7728365384615384 0.020432692307692308 0.06370192307692307
0 0.9699519230769231 0.7716346153846154 0.019230769230769232 0.06129807692307692
0 0.9939903846153846 0.7668269230769231 0.007211538461538462 0.057692307692307696