0 0.16826923076923078 0.5456730769230769 0.11057692307692307 0.2824519230769231
0 0.09134615384615384 0.5120192307692307 0.09495192307692307 0.19230769230769232
0 0.15264423076923078 0.47475961538461536 0.04447115384615385 0.1346153846153846
0 0.21875 0.5252403846153846 0.06610576923076923 0.24759615384615385
0 0.26802884615384615 0.4495192307692308 0.055288461538461536 0.09254807692307693
0 0.37740384615384615 0.484375 0.08653846153846154 0.19230769230769232
0 0.5240384615384616 0.47115384615384615 0.06129807692307692 0.15384615384615385
0 0.6778846153846154 0.5192307692307693 0.06490384615384616 0.24158653846153846
0 0.765625 0.45552884615384615 0.057692307692307696 0.10817307692307693
0 0.8701923076923077 0.6045673076923077 0.17427884615384615 0.3629807692307692
0 0.8293269230769231 0.47596153846153844 0.08173076923076923 0.15264423076923078