0 0.6225961538461539 0.6514423076923077 0.12139423076923077 0.5036057692307693
0 0.3581730769230769 0.2127403846153846 0.026442307692307692 0.0889423076923077
0 0.3858173076923077 0.21875 0.030048076923076924 0.0889423076923077
0 0.4230769230769231 0.23197115384615385 0.025240384615384616 0.1045673076923077
0 0.44711538461538464 0.23197115384615385 0.028846153846153848 0.09375
0 0.4519230769230769 0.49158653846153844 0.028846153846153848 0.04447115384615385
0 0.4723557692307692 0.2283653846153846 0.02283653846153846 0.09495192307692307
0 0.49038461538461536 0.48677884615384615 0.038461538461538464 0.06129807692307692
0 0.4963942307692308 0.2283653846153846 0.026442307692307692 0.0889423076923077
0 0.5192307692307693 0.234375 0.02403846153846154 0.09254807692307693
0 0.5288461538461539 0.4831730769230769 0.038461538461538464 0.055288461538461536
0 0.5576923076923077 0.23076923076923078 0.02403846153846154 0.0985576923076923
0 0.5853365384615384 0.22235576923076922 0.028846153846153848 0.09134615384615384
0 0.8665865384615384 0.21634615384615385 0.04447115384615385 0.16706730769230768