0 0.078125 0.5 0.15625 0.375
0 0.13701923076923078 0.49759615384615385 0.04326923076923077 0.16826923076923078
0 0.38461538461538464 0.5528846153846154 0.09975961538461539 0.25961538461538464
0 0.4699519230769231 0.5408653846153846 0.05889423076923077 0.21634615384615385
0 0.47115384615384615 0.5769230769230769 0.055288461538461536 0.21153846153846154
0 0.5324519230769231 0.4807692307692308 0.09735576923076923 0.42908653846153844
0 0.5649038461538461 0.5600961538461539 0.036057692307692304 0.18389423076923078
0 0.6286057692307693 0.5048076923076923 0.07451923076923077 0.36899038461538464
0 0.7692307692307693 0.5132211538461539 0.0985576923076923 0.39903846153846156
0 0.8389423076923077 0.5540865384615384 0.0985576923076923 0.2776442307692308
0 0.8641826923076923 0.40625 0.05889423076923077 0.1141826923076923
0 0.9447115384615384 0.4483173076923077 0.06129807692307692 0.23557692307692307
0 0.9615384615384616 0.5564903846153846 0.07572115384615384 0.28966346153846156