0 0.040865384615384616 0.4879807692307692 0.06129807692307692 0.2620192307692308
0 0.07932692307692307 0.47596153846153844 0.09495192307692307 0.3076923076923077
0 0.1622596153846154 0.47836538461538464 0.06971153846153846 0.3293269230769231
0 0.21634615384615385 0.7415865384615384 0.09975961538461539 0.5144230769230769
0 0.20072115384615385 0.40024038461538464 0.020432692307692308 0.06850961538461539
0 0.234375 0.4987980769230769 0.06971153846153846 0.29447115384615385
0 0.2800480769230769 0.5120192307692307 0.046875 0.2920673076923077
0 0.31490384615384615 0.5024038461538461 0.05889423076923077 0.2920673076923077
0 0.35697115384615385 0.5144230769230769 0.078125 0.2608173076923077
0 0.43028846153846156 0.5216346153846154 0.0733173076923077 0.2704326923076923
0 0.4375 0.5120192307692307 0.08413461538461539 0.27403846153846156
0 0.5180288461538461 0.5024038461538461 0.09014423076923077 0.2920673076923077
0 0.5612980769230769 0.41346153846153844 0.021634615384615384 0.05889423076923077
0 0.6129807692307693 0.4254807692307692 0.07692307692307693 0.12379807692307693
0 0.6201923076923077 0.53125 0.06850961538461539 0.2620192307692308
0 0.6971153846153846 0.5132211538461539 0.08173076923076923 0.24759615384615385
0 0.7103365384615384 0.5324519230769231 0.06009615384615385 0.21875
0 0.7800480769230769 0.7475961538461539 0.10336538461538461 0.4963942307692308
0 0.7524038461538461 0.49399038461538464 0.038461538461538464 0.19230769230769232
0 0.7680288461538461 0.4891826923076923 0.055288461538461536 0.1971153846153846
0 0.8185096153846154 0.484375 0.06490384615384616 0.33653846153846156
0 0.8533653846153846 0.5132211538461539 0.040865384615384616 0.23076923076923078
0 0.9038461538461539 0.5120192307692307 0.08173076923076923 0.27524038461538464
0 0.9579326923076923 0.5288461538461539 0.06971153846153846 0.1875
0 0.9423076923076923 0.4338942307692308 0.027644230769230768 0.15745192307692307
0 0.9519230769230769 0.5336538461538461 0.04447115384615385 0.21033653846153846
0 0.9543269230769231 0.4230769230769231 0.028846153846153848 0.07211538461538461
0 0.9867788461538461 0.43990384615384615 0.02403846153846154 0.08653846153846154