0 0.13822115384615385 0.6911057692307693 0.08653846153846154 0.4987980769230769
0 0.19591346153846154 0.6430288461538461 0.04927884615384615 0.20192307692307693
0 0.2824519230769231 0.7055288461538461 0.12860576923076922 0.5817307692307693
0 0.36899038461538464 0.5889423076923077 0.04807692307692308 0.07932692307692307
0 0.40024038461538464 0.7103365384615384 0.06610576923076923 0.2704326923076923
0 0.453125 0.7319711538461539 0.10096153846153846 0.3173076923076923
0 0.5120192307692307 0.5817307692307693 0.046875 0.07932692307692307
0 0.5661057692307693 0.6201923076923077 0.06129807692307692 0.09375
0 0.671875 0.6826923076923077 0.11778846153846154 0.2283653846153846
0 0.6814903846153846 0.5180288461538461 0.03365384615384615 0.0829326923076923
0 0.7872596153846154 0.6935096153846154 0.08052884615384616 0.2548076923076923
0 0.953125 0.6502403846153846 0.08173076923076923 0.14182692307692307