0 0.8665865384615384 0.6899038461538461 0.20432692307692307 0.3269230769230769
0 0.06370192307692307 0.65625 0.12740384615384615 0.32211538461538464
0 0.17548076923076922 0.7175480769230769 0.35096153846153844 0.4963942307692308
0 0.41586538461538464 0.7019230769230769 0.24519230769230768 0.3125
0 0.5877403846153846 0.6201923076923077 0.06370192307692307 0.04807692307692308
0 0.6454326923076923 0.6117788461538461 0.05889423076923077 0.06971153846153846
0 0.7007211538461539 0.5480769230769231 0.03125 0.039663461538461536
0 0.7055288461538461 0.5757211538461539 0.040865384615384616 0.03485576923076923
0 0.7007211538461539 0.6081730769230769 0.02403846153846154 0.028846153846153848
0 0.7199519230769231 0.6105769230769231 0.030048076923076924 0.028846153846153848
0 0.7331730769230769 0.6237980769230769 0.056490384615384616 0.052884615384615384
0 0.7259615384615384 0.5432692307692307 0.019230769230769232 0.03245192307692308
0 0.7512019230769231 0.5661057692307693 0.05048076923076923 0.04447115384615385
0 0.7836538461538461 0.5925480769230769 0.03365384615384615 0.040865384615384616
0 0.8028846153846154 0.5637019230769231 0.051682692307692304 0.04927884615384615
0 0.8629807692307693 0.5216346153846154 0.018028846153846152 0.028846153846153848
0 0.9699519230769231 0.5733173076923077 0.04567307692307692 0.078125
0 0.9699519230769231 0.6286057692307693 0.04447115384615385 0.04447115384615385
0 0.9879807692307693 0.5637019230769231 0.02283653846153846 0.07451923076923077