0 0.4110576923076923 0.5612980769230769 0.04807692307692308 0.16947115384615385
0 0.015625 0.5961538461538461 0.026442307692307692 0.12740384615384615
0 0.03365384615384615 0.5925480769230769 0.039663461538461536 0.15384615384615385
0 0.07211538461538461 0.6033653846153846 0.03365384615384615 0.13942307692307693
0 0.11658653846153846 0.5420673076923077 0.025240384615384616 0.054086538461538464
0 0.18990384615384615 0.5600961538461539 0.04567307692307692 0.1814903846153846
0 0.2644230769230769 0.5528846153846154 0.05048076923076923 0.21754807692307693
0 0.34615384615384615 0.5504807692307693 0.04807692307692308 0.19591346153846154
0 0.4675480769230769 0.53125 0.020432692307692308 0.06610576923076923
0 0.5108173076923077 0.5444711538461539 0.036057692307692304 0.17307692307692307
0 0.5564903846153846 0.5504807692307693 0.027644230769230768 0.15384615384615385
0 0.5901442307692307 0.5540865384615384 0.03365384615384615 0.14182692307692307
0 0.6598557692307693 0.5432692307692307 0.026442307692307692 0.16346153846153846
0 0.6838942307692307 0.5384615384615384 0.025240384615384616 0.15625
0 0.7379807692307693 0.5372596153846154 0.03125 0.13341346153846154
0 0.7680288461538461 0.5600961538461539 0.03245192307692308 0.1045673076923077
0 0.7872596153846154 0.546875 0.015625 0.1141826923076923
0 0.8125 0.5480769230769231 0.02283653846153846 0.11658653846153846
0 0.8353365384615384 0.546875 0.02283653846153846 0.1141826923076923
0 0.8713942307692307 0.5444711538461539 0.03125 0.12259615384615384
0 0.9014423076923077 0.5408653846153846 0.03125 0.12740384615384615
0 0.9459134615384616 0.5384615384615384 0.021634615384615384 0.12740384615384615