0 0.07451923076923077 0.5564903846153846 0.14903846153846154 0.8846153846153846
0 0.2283653846153846 0.5853365384615384 0.09134615384615384 0.8269230769230769
0 0.3173076923076923 0.5372596153846154 0.11899038461538461 0.875
0 0.421875 0.4987980769230769 0.09375 0.8185096153846154
0 0.5204326923076923 0.5372596153846154 0.0985576923076923 0.8040865384615384
0 0.6141826923076923 0.5 0.09615384615384616 0.7776442307692307
0 0.6814903846153846 0.5408653846153846 0.09975961538461539 0.8161057692307693
0 0.734375 0.5072115384615384 0.07572115384615384 0.7331730769230769
0 0.7980769230769231 0.47596153846153844 0.10096153846153846 0.7920673076923077
0 0.8533653846153846 0.5228365384615384 0.09495192307692307 0.7944711538461539
0 0.9230769230769231 0.4182692307692308 0.10817307692307693 0.7283653846153846