0 0.039663461538461536 0.890625 0.04807692307692308 0.21754807692307693
0 0.036057692307692304 0.7992788461538461 0.018028846153846152 0.07692307692307693
0 0.09134615384615384 0.8737980769230769 0.08052884615384616 0.24639423076923078
0 0.3125 0.8461538461538461 0.027644230769230768 0.09975961538461539
0 0.34615384615384615 0.8810096153846154 0.06370192307692307 0.23557692307692307
0 0.33413461538461536 0.7752403846153846 0.007211538461538462 0.04567307692307692
0 0.3581730769230769 0.7668269230769231 0.016826923076923076 0.036057692307692304
0 0.37259615384615385 0.8425480769230769 0.03485576923076923 0.11778846153846154
0 0.41466346153846156 0.9194711538461539 0.10697115384615384 0.15985576923076922
0 0.38461538461538464 0.7668269230769231 0.021634615384615384 0.036057692307692304
0 0.4074519230769231 0.8137019230769231 0.021634615384615384 0.08774038461538461
0 0.43149038461538464 0.7848557692307693 0.02403846153846154 0.08774038461538461
0 0.44350961538461536 0.7668269230769231 0.01201923076923077 0.055288461538461536
0 0.46033653846153844 0.8305288461538461 0.040865384615384616 0.1502403846153846
0 0.45072115384615385 0.7439903846153846 0.007211538461538462 0.014423076923076924
0 0.49038461538461536 0.8786057692307693 0.037259615384615384 0.2403846153846154
0 0.5240384615384616 0.875 0.054086538461538464 0.24879807692307693
0 0.5288461538461539 0.7403846153846154 0.013221153846153846 0.03125
0 0.5420673076923077 0.7740384615384616 0.016826923076923076 0.036057692307692304
0 0.5528846153846154 0.7680288461538461 0.018028846153846152 0.05889423076923077
0 0.5865384615384616 0.8762019230769231 0.07932692307692307 0.24519230769230768
0 0.5757211538461539 0.765625 0.013221153846153846 0.0733173076923077
0 0.59375 0.7487980769230769 0.013221153846153846 0.03245192307692308
0 0.6141826923076923 0.8197115384615384 0.04326923076923077 0.09495192307692307
0 0.6141826923076923 0.7487980769230769 0.013221153846153846 0.039663461538461536
0 0.6370192307692307 0.9699519230769231 0.052884615384615384 0.055288461538461536
0 0.6418269230769231 0.7668269230769231 0.01201923076923077 0.04927884615384615
0 0.6658653846153846 0.8149038461538461 0.025240384615384616 0.1466346153846154
0 0.6850961538461539 0.7740384615384616 0.019230769230769232 0.06971153846153846
0 0.7127403846153846 0.8028846153846154 0.02403846153846154 0.10336538461538461
0 0.7319711538461539 0.78125 0.013221153846153846 0.046875