0 0.36177884615384615 0.26802884615384615 0.11899038461538461 0.31009615384615385
0 0.03485576923076923 0.49759615384615385 0.016826923076923076 0.03485576923076923
0 0.046875 0.6766826923076923 0.015625 0.04447115384615385
0 0.06610576923076923 0.4987980769230769 0.02283653846153846 0.039663461538461536
0 0.0733173076923077 0.6875 0.025240384615384616 0.09975961538461539
0 0.09615384615384616 0.6862980769230769 0.026442307692307692 0.09495192307692307
0 0.11899038461538461 0.49278846153846156 0.016826923076923076 0.039663461538461536
0 0.13942307692307693 0.49278846153846156 0.018028846153846152 0.051682692307692304
0 0.21514423076923078 0.6790865384615384 0.036057692307692304 0.10817307692307693
0 0.6899038461538461 0.2932692307692308 0.039663461538461536 0.17908653846153846
0 0.6802884615384616 0.5564903846153846 0.013221153846153846 0.04567307692307692
0 0.7007211538461539 0.546875 0.02283653846153846 0.04447115384615385
0 0.7475961538461539 0.14423076923076922 0.036057692307692304 0.2536057692307692