0 0.09134615384615384 0.47115384615384615 0.18269230769230768 0.2932692307692308
0 0.0889423076923077 0.6370192307692307 0.05889423076923077 0.15384615384615385
0 0.08052884615384616 0.5420673076923077 0.03125 0.055288461538461536
0 0.2824519230769231 0.4254807692307692 0.32572115384615385 0.23918269230769232
0 0.2620192307692308 0.5288461538461539 0.027644230769230768 0.06129807692307692
0 0.26802884615384615 0.5552884615384616 0.027644230769230768 0.08533653846153846
0 0.3004807692307692 0.5685096153846154 0.028846153846153848 0.12259615384615384
0 0.33774038461538464 0.5769230769230769 0.026442307692307692 0.038461538461538464
0 0.35096153846153844 0.6490384615384616 0.03365384615384615 0.12860576923076922
0 0.38100961538461536 0.6646634615384616 0.03245192307692308 0.15384615384615385
0 0.38341346153846156 0.5132211538461539 0.03245192307692308 0.07211538461538461
0 0.43028846153846156 0.24519230769230768 0.013221153846153846 0.09975961538461539
0 0.4423076923076923 0.6057692307692307 0.036057692307692304 0.12379807692307693
0 0.4362980769230769 0.5612980769230769 0.010817307692307692 0.07692307692307693
0 0.5108173076923077 0.9483173076923077 0.14423076923076922 0.09375
0 0.4651442307692308 0.2620192307692308 0.021634615384615384 0.11538461538461539
0 0.5588942307692307 0.31490384615384615 0.037259615384615384 0.1778846153846154
0 0.6370192307692307 0.34975961538461536 0.03365384615384615 0.20192307692307693
0 0.8461538461538461 0.36177884615384615 0.03365384615384615 0.18269230769230768
0 0.9579326923076923 0.390625 0.054086538461538464 0.21514423076923078