0 0.4987980769230769 0.2860576923076923 0.9975961538461539 0.32211538461538464
0 0.030048076923076924 0.4675480769230769 0.042067307692307696 0.06971153846153846
0 0.0673076923076923 0.48197115384615385 0.026442307692307692 0.03485576923076923
0 0.0985576923076923 0.47115384615384615 0.04326923076923077 0.09495192307692307
0 0.140625 0.4723557692307692 0.038461538461538464 0.06850961538461539
0 0.19110576923076922 0.47475961538461536 0.038461538461538464 0.0673076923076923
0 0.19831730769230768 0.48197115384615385 0.030048076923076924 0.0625
0 0.23317307692307693 0.46875 0.037259615384615384 0.0733173076923077
0 0.26322115384615385 0.484375 0.026442307692307692 0.04807692307692308
0 0.2932692307692308 0.47596153846153844 0.03485576923076923 0.06129807692307692
0 0.31971153846153844 0.4831730769230769 0.030048076923076924 0.04567307692307692
0 0.3545673076923077 0.47115384615384615 0.03245192307692308 0.07572115384615384
0 0.3918269230769231 0.4735576923076923 0.036057692307692304 0.06850961538461539
0 0.6742788461538461 0.46033653846153844 0.03485576923076923 0.054086538461538464
0 0.7055288461538461 0.46634615384615385 0.028846153846153848 0.0733173076923077
0 0.7355769230769231 0.45913461538461536 0.027644230769230768 0.0673076923076923
0 0.7584134615384616 0.4579326923076923 0.020432692307692308 0.07211538461538461
0 0.7896634615384616 0.46274038461538464 0.04447115384615385 0.06009615384615385
0 0.8209134615384616 0.4723557692307692 0.02283653846153846 0.04567307692307692
0 0.8461538461538461 0.46153846153846156 0.02403846153846154 0.051682692307692304
0 0.8822115384615384 0.47716346153846156 0.020432692307692308 0.040865384615384616
0 0.9387019230769231 0.4675480769230769 0.025240384615384616 0.055288461538461536
0 0.9675480769230769 0.4807692307692308 0.019230769230769232 0.046875
0 0.9903846153846154 0.48197115384615385 0.018028846153846152 0.03365384615384615