0 0.07451923076923077 0.6274038461538461 0.028846153846153848 0.19951923076923078
0 0.11298076923076923 0.5384615384615384 0.009615384615384616 0.028846153846153848
0 0.14783653846153846 0.5865384615384616 0.051682692307692304 0.07091346153846154
0 0.17067307692307693 0.5625 0.03485576923076923 0.06971153846153846
0 0.20432692307692307 0.5637019230769231 0.021634615384615384 0.055288461538461536
0 0.2127403846153846 0.5661057692307693 0.013221153846153846 0.026442307692307692
0 0.41346153846153844 0.4326923076923077 0.021634615384615384 0.042067307692307696
0 0.4375 0.41586538461538464 0.016826923076923076 0.042067307692307696
0 0.5036057692307693 0.5913461538461539 0.028846153846153848 0.22115384615384615
0 0.5625 0.5877403846153846 0.042067307692307696 0.22115384615384615
0 0.6069711538461539 0.5853365384615384 0.04807692307692308 0.23918269230769232
0 0.6442307692307693 0.44711538461538464 0.04807692307692308 0.13221153846153846
0 0.7223557692307693 0.5841346153846154 0.020432692307692308 0.14423076923076922