0 0.5612980769230769 0.8629807692307693 0.052884615384615384 0.18028846153846154
0 0.056490384615384616 0.8413461538461539 0.03125 0.09495192307692307
0 0.07692307692307693 0.8665865384615384 0.056490384615384616 0.1045673076923077
0 0.45913461538461536 0.5324519230769231 0.8112980769230769 0.8569711538461539
0 0.07572115384615384 0.5552884615384616 0.039663461538461536 0.09975961538461539
0 0.09375 0.7235576923076923 0.052884615384615384 0.0673076923076923
0 0.09615384615384616 0.3245192307692308 0.03245192307692308 0.06850961538461539
0 0.10216346153846154 0.8858173076923077 0.030048076923076924 0.09134615384615384
0 0.11298076923076923 0.39663461538461536 0.03125 0.05048076923076923
0 0.14783653846153846 0.6935096153846154 0.09615384615384616 0.08653846153846154
0 0.12740384615384615 0.3425480769230769 0.026442307692307692 0.03245192307692308
0 0.15384615384615385 0.40024038461538464 0.056490384615384616 0.09375
0 0.15264423076923078 0.5985576923076923 0.028846153846153848 0.07451923076923077
0 0.1622596153846154 0.7692307692307693 0.039663461538461536 0.09254807692307693
0 0.18389423076923078 0.6598557692307693 0.0733173076923077 0.0625
0 0.1778846153846154 0.09975961538461539 0.016826923076923076 0.037259615384615384
0 0.19230769230769232 0.10336538461538461 0.025240384615384616 0.06850961538461539
0 0.19951923076923078 0.4723557692307692 0.028846153846153848 0.07692307692307693
0 0.21754807692307693 0.5420673076923077 0.039663461538461536 0.09375
0 0.22596153846153846 0.7307692307692307 0.036057692307692304 0.08774038461538461
0 0.2439903846153846 0.5528846153846154 0.051682692307692304 0.0889423076923077
0 0.2548076923076923 0.5192307692307693 0.028846153846153848 0.10216346153846154
0 0.27283653846153844 0.8100961538461539 0.04447115384615385 0.11899038461538461
0 0.28125 0.5480769230769231 0.04447115384615385 0.1045673076923077
0 0.3016826923076923 0.8028846153846154 0.040865384615384616 0.12620192307692307
0 0.2980769230769231 0.38461538461538464 0.03125 0.08533653846153846
0 0.31490384615384615 0.7151442307692307 0.052884615384615384 0.052884615384615384
0 0.31490384615384615 0.2247596153846154 0.020432692307692308 0.0673076923076923
0 0.31850961538461536 0.38822115384615385 0.027644230769230768 0.04326923076923077
0 0.35096153846153844 0.40865384615384615 0.038461538461538464 0.08774038461538461
0 0.3798076923076923 0.8461538461538461 0.06610576923076923 0.07692307692307693
0 0.3629807692307692 0.3329326923076923 0.028846153846153848 0.07692307692307693
0 0.3870192307692308 0.3762019230769231 0.025240384615384616 0.07451923076923077
0 0.4074519230769231 0.8293269230769231 0.051682692307692304 0.07692307692307693
0 0.42788461538461536 0.859375 0.05048076923076923 0.0985576923076923
0 0.4411057692307692 0.7860576923076923 0.06370192307692307 0.06129807692307692
0 0.42788461538461536 0.35096153846153844 0.03365384615384615 0.06971153846153846
0 0.41947115384615385 0.2860576923076923 0.015625 0.030048076923076924
0 0.46274038461538464 0.21634615384615385 0.015625 0.021634615384615384
0 0.4855769230769231 0.9146634615384616 0.046875 0.1141826923076923
0 0.484375 0.7692307692307693 0.03485576923076923 0.0889423076923077
0 0.4807692307692308 0.21634615384615385 0.016826923076923076 0.025240384615384616
0 0.5204326923076923 0.8545673076923077 0.039663461538461536 0.12259615384615384
0 0.5336538461538461 0.3581730769230769 0.021634615384615384 0.038461538461538464
0 0.5444711538461539 0.7283653846153846 0.040865384615384616 0.078125
0 0.5865384615384616 0.6971153846153846 0.03365384615384615 0.06610576923076923
0 0.5841346153846154 0.8641826923076923 0.019230769230769232 0.0829326923076923
0 0.6225961538461539 0.734375 0.04807692307692308 0.11298076923076923
0 0.6418269230769231 0.46274038461538464 0.026442307692307692 0.08533653846153846
0 0.6790865384615384 0.703125 0.06129807692307692 0.10817307692307693
0 0.6971153846153846 0.8701923076923077 0.02283653846153846 0.09014423076923077
0 0.7175480769230769 0.7752403846153846 0.038461538461538464 0.12980769230769232
0 0.7199519230769231 0.5552884615384616 0.025240384615384616 0.03125
0 0.7331730769230769 0.7079326923076923 0.04326923076923077 0.11538461538461539
0 0.7475961538461539 0.8846153846153846 0.0625 0.15745192307692307
0 0.7427884615384616 0.4987980769230769 0.016826923076923076 0.05048076923076923
0 0.7620192307692307 0.7115384615384616 0.042067307692307696 0.11658653846153846
0 0.7728365384615384 0.5108173076923077 0.036057692307692304 0.06971153846153846
0 0.7680288461538461 0.4495192307692308 0.020432692307692308 0.07451923076923077
0 0.8076923076923077 0.9110576923076923 0.0733173076923077 0.12379807692307693
0 0.8209134615384616 0.5528846153846154 0.03245192307692308 0.10576923076923077
0 0.890625 0.4891826923076923 0.1658653846153846 0.18028846153846154
0 0.8353365384615384 0.8774038461538461 0.04567307692307692 0.09975961538461539
0 0.8665865384615384 0.9314903846153846 0.04567307692307692 0.0829326923076923
0 0.890625 0.78125 0.06370192307692307 0.12980769230769232
0 0.9254807692307693 0.6875 0.09615384615384616 0.19230769230769232
0 0.9170673076923077 0.9399038461538461 0.055288461538461536 0.06490384615384616
0 0.9170673076923077 0.5745192307692307 0.04567307692307692 0.09495192307692307
0 0.953125 0.7920673076923077 0.038461538461538464 0.10576923076923077