0 0.16105769230769232 0.6730769230769231 0.02283653846153846 0.09014423076923077
0 0.22596153846153846 0.6622596153846154 0.025240384615384616 0.10336538461538461
0 0.2536057692307692 0.6634615384615384 0.018028846153846152 0.09615384615384616
0 0.27163461538461536 0.6694711538461539 0.015625 0.08653846153846154
0 0.32211538461538464 0.6550480769230769 0.018028846153846152 0.0889423076923077
0 0.5216346153846154 0.8125 0.07091346153846154 0.37259615384615385
0 0.6021634615384616 0.6526442307692307 0.016826923076923076 0.08533653846153846
0 0.6141826923076923 0.6490384615384616 0.014423076923076924 0.07211538461538461
0 0.9423076923076923 0.7259615384615384 0.009615384615384616 0.15384615384615385
0 0.9591346153846154 0.7163461538461539 0.03365384615384615 0.18629807692307693
0 0.9879807692307693 0.7151442307692307 0.021634615384615384 0.17307692307692307