0 0.07091346153846154 0.35697115384615385 0.11538461538461539 0.42908653846153844
0 0.20072115384615385 0.4026442307692308 0.16947115384615385 0.21995192307692307
0 0.35216346153846156 0.42908653846153844 0.1502403846153846 0.21995192307692307
0 0.3786057692307692 0.4050480769230769 0.06971153846153846 0.18028846153846154
0 0.4170673076923077 0.4519230769230769 0.07211538461538461 0.21754807692307693
0 0.5 0.49759615384615385 0.09975961538461539 0.17668269230769232
0 0.546875 0.5528846153846154 0.10576923076923077 0.27283653846153844
0 0.7055288461538461 0.5961538461538461 0.06129807692307692 0.10697115384615384
0 0.7295673076923077 0.6009615384615384 0.027644230769230768 0.09014423076923077
0 0.7548076923076923 0.6129807692307693 0.03245192307692308 0.1045673076923077
0 0.8040865384615384 0.8581730769230769 0.018028846153846152 0.22355769230769232
0 0.8774038461538461 0.8581730769230769 0.10336538461538461 0.25721153846153844
0 0.875 0.8737980769230769 0.04567307692307692 0.2512019230769231
0 0.9603365384615384 0.9026442307692307 0.078125 0.1935096153846154
0 0.9603365384615384 0.859375 0.036057692307692304 0.265625
0 0.9819711538461539 0.7560096153846154 0.025240384615384616 0.07451923076923077
0 0.9963942307692307 0.7620192307692307 0.006009615384615385 0.07451923076923077