0 0.17548076923076922 0.7908653846153846 0.35096153846153844 0.41346153846153844
0 0.07692307692307693 0.5264423076923077 0.1045673076923077 0.22115384615384615
0 0.36778846153846156 0.44711538461538464 0.6189903846153846 0.2776442307692308
0 0.14783653846153846 0.4951923076923077 0.06971153846153846 0.1814903846153846
0 0.3389423076923077 0.6586538461538461 0.24278846153846154 0.4170673076923077
0 0.6225961538461539 0.5612980769230769 0.14783653846153846 0.35096153846153844
0 0.6935096153846154 0.36899038461538464 0.04326923076923077 0.22115384615384615
0 0.7259615384615384 0.38461538461538464 0.03245192307692308 0.11658653846153846
0 0.8052884615384616 0.4387019230769231 0.09134615384615384 0.15625
0 0.84375 0.5576923076923077 0.15985576923076922 0.34975961538461536
0 0.9555288461538461 0.5492788461538461 0.08653846153846154 0.36778846153846156
0 0.9483173076923077 0.4831730769230769 0.06610576923076923 0.23076923076923078