0 0.015625 0.7536057692307693 0.028846153846153848 0.13341346153846154
0 0.04807692307692308 0.7295673076923077 0.036057692307692304 0.18629807692307693
0 0.06490384615384616 0.6478365384615384 0.026442307692307692 0.06971153846153846
0 0.08052884615384616 0.7427884615384616 0.055288461538461536 0.1346153846153846
0 0.08653846153846154 0.6814903846153846 0.05048076923076923 0.15985576923076922
0 0.15985576923076922 0.7235576923076923 0.05889423076923077 0.20793269230769232
0 0.29447115384615385 0.6983173076923077 0.054086538461538464 0.17427884615384615
0 0.4074519230769231 0.6802884615384616 0.037259615384615384 0.12620192307692307
0 0.44591346153846156 0.6911057692307693 0.03485576923076923 0.12379807692307693
0 0.46634615384615385 0.671875 0.021634615384615384 0.10336538461538461
0 0.5588942307692307 0.6346153846153846 0.026442307692307692 0.05889423076923077
0 0.7680288461538461 0.7091346153846154 0.06490384615384616 0.2692307692307692
0 0.8329326923076923 0.6646634615384616 0.028846153846153848 0.08533653846153846
0 0.8774038461538461 0.6814903846153846 0.039663461538461536 0.13341346153846154
0 0.9038461538461539 0.6682692307692307 0.018028846153846152 0.06370192307692307
0 0.9435096153846154 0.6838942307692307 0.040865384615384616 0.15985576923076922
0 0.9831730769230769 0.6682692307692307 0.028846153846153848 0.13942307692307693