0 0.5 0.7223557692307693 0.9987980769230769 0.5540865384615384
0 0.016826923076923076 0.7644230769230769 0.013221153846153846 0.04807692307692308
0 0.037259615384615384 0.6802884615384616 0.01201923076923077 0.039663461538461536
0 0.11538461538461539 0.7884615384615384 0.014423076923076924 0.05048076923076923
0 0.14182692307692307 0.6706730769230769 0.01201923076923077 0.03245192307692308
0 0.14543269230769232 0.6454326923076923 0.014423076923076924 0.038461538461538464
0 0.17548076923076922 0.7211538461538461 0.009615384615384616 0.04807692307692308
0 0.18990384615384615 0.6766826923076923 0.01201923076923077 0.04326923076923077
0 0.234375 0.7283653846153846 0.01201923076923077 0.038461538461538464
0 0.25 0.6887019230769231 0.01201923076923077 0.038461538461538464
0 0.27283653846153844 0.6971153846153846 0.013221153846153846 0.042067307692307696
0 0.2848557692307692 0.6286057692307693 0.010817307692307692 0.030048076923076924
0 0.3016826923076923 0.7884615384615384 0.014423076923076924 0.04807692307692308
0 0.30528846153846156 0.6754807692307693 0.010817307692307692 0.036057692307692304
0 0.3317307692307692 0.7127403846153846 0.007211538461538462 0.04326923076923077
0 0.359375 0.6598557692307693 0.009615384615384616 0.03245192307692308
0 0.3629807692307692 0.7199519230769231 0.013221153846153846 0.042067307692307696
0 0.37259615384615385 0.6947115384615384 0.013221153846153846 0.036057692307692304
0 0.40024038461538464 0.6358173076923077 0.009615384615384616 0.027644230769230768
0 0.43149038461538464 0.6574519230769231 0.010817307692307692 0.02403846153846154
0 0.484375 0.6165865384615384 0.009615384615384616 0.02403846153846154
0 0.5408653846153846 0.6694711538461539 0.007211538461538462 0.02403846153846154
0 0.5456730769230769 0.7043269230769231 0.01201923076923077 0.03485576923076923
0 0.5757211538461539 0.7980769230769231 0.01201923076923077 0.055288461538461536
0 0.6237980769230769 0.7548076923076923 0.008413461538461538 0.039663461538461536
0 0.6766826923076923 0.6862980769230769 0.007211538461538462 0.027644230769230768