0 0.025240384615384616 0.3641826923076923 0.04927884615384615 0.07091346153846154
0 0.06009615384615385 0.4579326923076923 0.1141826923076923 0.11177884615384616
0 0.11057692307692307 0.390625 0.10216346153846154 0.06490384615384616
0 0.109375 0.45913461538461536 0.0889423076923077 0.10817307692307693
0 0.17067307692307693 0.46153846153846156 0.10697115384615384 0.10336538461538461
0 0.1971153846153846 0.390625 0.06370192307692307 0.06850961538461539
0 0.21394230769230768 0.4483173076923077 0.0889423076923077 0.10697115384615384
0 0.29447115384615385 0.45552884615384615 0.07091346153846154 0.09975961538461539
0 0.36658653846153844 0.515625 0.21153846153846154 0.28846153846153844
0 0.30649038461538464 0.3942307692307692 0.06370192307692307 0.078125
0 0.5336538461538461 0.4483173076923077 0.0673076923076923 0.09375
0 0.5300480769230769 0.3954326923076923 0.04927884615384615 0.07692307692307693
0 0.6105769230769231 0.4519230769230769 0.0673076923076923 0.10697115384615384
0 0.7271634615384616 0.46153846153846156 0.12980769230769232 0.11298076923076923
0 0.7271634615384616 0.40625 0.07451923076923077 0.10697115384615384