0 0.008413461538461538 0.4831730769230769 0.016826923076923076 0.0733173076923077
0 0.016826923076923076 0.7355769230769231 0.03365384615384615 0.22115384615384615
0 0.019230769230769232 0.5961538461538461 0.038461538461538464 0.12379807692307693
0 0.030048076923076924 0.9266826923076923 0.06009615384615385 0.14182692307692307
0 0.06129807692307692 0.47475961538461536 0.09495192307692307 0.11538461538461539
0 0.03485576923076923 0.5108173076923077 0.03245192307692308 0.08413461538461539
0 0.0889423076923077 0.8545673076923077 0.06009615384615385 0.28846153846153844
0 0.09014423076923077 0.5793269230769231 0.030048076923076924 0.08774038461538461
0 0.125 0.5913461538461539 0.038461538461538464 0.11538461538461539
0 0.11538461538461539 0.4411057692307692 0.018028846153846152 0.0625
0 0.12980769230769232 0.49399038461538464 0.027644230769230768 0.0673076923076923
0 0.13942307692307693 0.5612980769230769 0.042067307692307696 0.10336538461538461
0 0.12980769230769232 0.39663461538461536 0.019230769230769232 0.027644230769230768
0 0.14783653846153846 0.734375 0.04927884615384615 0.24639423076923078
0 0.13701923076923078 0.4266826923076923 0.025240384615384616 0.06971153846153846
0 0.13942307692307693 0.46634615384615385 0.013221153846153846 0.040865384615384616
0 0.14903846153846154 0.4963942307692308 0.014423076923076924 0.04447115384615385
0 0.16706730769230768 0.5336538461538461 0.038461538461538464 0.09615384615384616
0 0.16346153846153846 0.4230769230769231 0.02283653846153846 0.0625
0 0.17548076923076922 0.46033653846153844 0.025240384615384616 0.06009615384615385
0 0.19591346153846154 0.4855769230769231 0.021634615384615384 0.07692307692307693
0 0.21514423076923078 0.9507211538461539 0.057692307692307696 0.09615384615384616
0 0.19951923076923078 0.44350961538461536 0.015625 0.03245192307692308
0 0.22235576923076922 0.7115384615384616 0.057692307692307696 0.2536057692307692
0 0.21995192307692307 0.5252403846153846 0.03365384615384615 0.12980769230769232
0 0.21514423076923078 0.45072115384615385 0.016826923076923076 0.036057692307692304
0 0.23677884615384615 0.453125 0.02283653846153846 0.056490384615384616
0 0.26322115384615385 0.8473557692307693 0.06490384615384616 0.23557692307692307
0 0.2439903846153846 0.4338942307692308 0.019230769230769232 0.06370192307692307
0 0.2536057692307692 0.5036057692307693 0.03485576923076923 0.07692307692307693
0 0.26322115384615385 0.5697115384615384 0.040865384615384616 0.10576923076923077
0 0.26802884615384615 0.48677884615384615 0.028846153846153848 0.07692307692307693
0 0.2692307692307692 0.42908653846153844 0.019230769230769232 0.04927884615384615
0 0.2860576923076923 0.6706730769230769 0.052884615384615384 0.21995192307692307
0 0.27163461538461536 0.46153846153846156 0.009615384615384616 0.04326923076923077
0 0.28365384615384615 0.4206730769230769 0.013221153846153846 0.02403846153846154
0 0.28725961538461536 0.44711538461538464 0.020432692307692308 0.051682692307692304
0 0.2932692307692308 0.4254807692307692 0.013221153846153846 0.038461538461538464
0 0.3076923076923077 0.5661057692307693 0.040865384615384616 0.17668269230769232
0 0.32572115384615385 0.9555288461538461 0.07211538461538461 0.08653846153846154
0 0.3125 0.43149038461538464 0.02283653846153846 0.0829326923076923
0 0.3317307692307692 0.45552884615384615 0.020432692307692308 0.042067307692307696
0 0.3329326923076923 0.42908653846153844 0.020432692307692308 0.04567307692307692
0 0.35216346153846156 0.5516826923076923 0.04326923076923077 0.15745192307692307
0 0.3557692307692308 0.7692307692307693 0.040865384615384616 0.2692307692307692
0 0.3425480769230769 0.44711538461538464 0.010817307692307692 0.036057692307692304
0 0.35697115384615385 0.4411057692307692 0.020432692307692308 0.03245192307692308
0 0.36899038461538464 0.46875 0.026442307692307692 0.04447115384615385
0 0.36778846153846156 0.4182692307692308 0.016826923076923076 0.040865384615384616
0 0.38461538461538464 0.7475961538461539 0.04807692307692308 0.2620192307692308
0 0.3737980769230769 0.4098557692307692 0.018028846153846152 0.03485576923076923
0 0.38100961538461536 0.5396634615384616 0.025240384615384616 0.10817307692307693
0 0.40384615384615385 0.53125 0.037259615384615384 0.09014423076923077
0 0.4026442307692308 0.6141826923076923 0.03245192307692308 0.13942307692307693
0 0.4170673076923077 0.8269230769230769 0.04326923076923077 0.2800480769230769
0 0.4074519230769231 0.4182692307692308 0.019230769230769232 0.036057692307692304
0 0.41225961538461536 0.43990384615384615 0.025240384615384616 0.040865384615384616
0 0.41947115384615385 0.4987980769230769 0.03245192307692308 0.08774038461538461
0 0.4326923076923077 0.6057692307692307 0.028846153846153848 0.12259615384615384
0 0.42908653846153844 0.45072115384615385 0.021634615384615384 0.07451923076923077
0 0.45913461538461536 0.7896634615384616 0.06490384615384616 0.296875
0 0.43990384615384615 0.4675480769230769 0.02283653846153846 0.06971153846153846
0 0.4723557692307692 0.40384615384615385 0.021634615384615384 0.06129807692307692
0 0.4807692307692308 0.4879807692307692 0.020432692307692308 0.0733173076923077
0 0.49038461538461536 0.5697115384615384 0.03485576923076923 0.13701923076923078
0 0.49399038461538464 0.4411057692307692 0.018028846153846152 0.036057692307692304
0 0.49399038461538464 0.40865384615384615 0.015625 0.028846153846153848
0 0.5276442307692307 0.7355769230769231 0.07932692307692307 0.21153846153846154
0 0.5084134615384616 0.5360576923076923 0.03485576923076923 0.1502403846153846
0 0.5096153846153846 0.46274038461538464 0.030048076923076924 0.0673076923076923
0 0.5060096153846154 0.3942307692307692 0.010817307692307692 0.02403846153846154
0 0.5108173076923077 0.41225961538461536 0.016826923076923076 0.03245192307692308
0 0.5240384615384616 0.4483173076923077 0.02403846153846154 0.04447115384615385
0 0.5396634615384616 0.5805288461538461 0.038461538461538464 0.11899038461538461
0 0.5372596153846154 0.40865384615384615 0.027644230769230768 0.06971153846153846
0 0.5384615384615384 0.4963942307692308 0.027644230769230768 0.0829326923076923
0 0.6334134615384616 0.6826923076923077 0.11538461538461539 0.35697115384615385
0 0.6826923076923077 0.8533653846153846 0.1502403846153846 0.22355769230769232
0 0.7151442307692307 0.7944711538461539 0.10336538461538461 0.33533653846153844
0 0.6766826923076923 0.4050480769230769 0.014423076923076924 0.04807692307692308
0 0.6802884615384616 0.515625 0.018028846153846152 0.07932692307692307
0 0.6862980769230769 0.4675480769230769 0.030048076923076924 0.0673076923076923
0 0.6935096153846154 0.35096153846153844 0.02403846153846154 0.06370192307692307
0 0.6983173076923077 0.40625 0.027644230769230768 0.04447115384615385
0 0.7211538461538461 0.5853365384615384 0.04927884615384615 0.10576923076923077
0 0.7295673076923077 0.5024038461538461 0.042067307692307696 0.08653846153846154
0 0.7295673076923077 0.46153846153846156 0.02403846153846154 0.0673076923076923
0 0.7475961538461539 0.4230769230769231 0.020432692307692308 0.054086538461538464
0 0.8004807692307693 0.7788461538461539 0.12620192307692307 0.32572115384615385
0 0.75 0.4387019230769231 0.014423076923076924 0.038461538461538464
0 0.765625 0.4639423076923077 0.030048076923076924 0.0733173076923077
0 0.7692307692307693 0.4963942307692308 0.037259615384615384 0.06971153846153846
0 0.765625 0.4326923076923077 0.015625 0.03485576923076923
0 0.7788461538461539 0.4326923076923077 0.021634615384615384 0.04927884615384615
0 0.796875 0.4831730769230769 0.021634615384615384 0.03245192307692308
0 0.8028846153846154 0.41466346153846156 0.020432692307692308 0.04447115384615385
0 0.8088942307692307 0.4543269230769231 0.028846153846153848 0.036057692307692304
0 0.8149038461538461 0.41466346153846156 0.020432692307692308 0.038461538461538464
0 0.8221153846153846 0.43149038461538464 0.016826923076923076 0.03125
0 0.8389423076923077 0.39903846153846156 0.026442307692307692 0.04447115384615385
0 0.8509615384615384 0.4098557692307692 0.016826923076923076 0.028846153846153848