0 0.6298076923076923 0.7007211538461539 0.0673076923076923 0.37740384615384615
0 0.23076923076923078 0.7427884615384616 0.07572115384615384 0.41947115384615385
0 0.2860576923076923 0.7055288461538461 0.03485576923076923 0.3581730769230769
0 0.33052884615384615 0.71875 0.06490384615384616 0.41466346153846156
0 0.3786057692307692 0.6814903846153846 0.030048076923076924 0.3233173076923077
0 0.40625 0.7103365384615384 0.07091346153846154 0.38100961538461536
0 0.453125 0.6742788461538461 0.04927884615384615 0.3004807692307692
0 0.5024038461538461 0.7175480769230769 0.07932692307692307 0.3557692307692308
0 0.53125 0.6550480769230769 0.051682692307692304 0.2512019230769231
0 0.8377403846153846 0.7475961538461539 0.08533653846153846 0.5036057692307693
0 0.9110576923076923 0.703125 0.0625 0.40024038461538464