0 0.042067307692307696 0.5817307692307693 0.0829326923076923 0.2704326923076923
0 0.1502403846153846 0.6875 0.3004807692307692 0.17668269230769232
0 0.28125 0.45552884615384615 0.3112980769230769 0.6850961538461539
0 0.30408653846153844 0.28966346153846156 0.11177884615384616 0.171875
0 0.3125 0.39663461538461536 0.09975961538461539 0.3076923076923077
0 0.48677884615384615 0.4675480769230769 0.09615384615384616 0.30408653846153844
0 0.5372596153846154 0.34975961538461536 0.057692307692307696 0.26802884615384615
0 0.6935096153846154 0.6995192307692307 0.3401442307692308 0.5997596153846154
0 0.5829326923076923 0.3076923076923077 0.037259615384615384 0.12860576923076922
0 0.6069711538461539 0.2824519230769231 0.015625 0.12620192307692307
0 0.6538461538461539 0.31971153846153844 0.02403846153846154 0.1814903846153846
0 0.6875 0.25721153846153844 0.020432692307692308 0.06490384615384616
0 0.7211538461538461 0.22596153846153846 0.056490384615384616 0.06850961538461539
0 0.921875 0.4423076923076923 0.025240384615384616 0.3112980769230769