0 0.6790865384615384 0.7680288461538461 0.09014423076923077 0.36778846153846156
0 0.06129807692307692 0.6598557692307693 0.06370192307692307 0.23798076923076922
0 0.15985576923076922 0.6346153846153846 0.03485576923076923 0.18629807692307693
0 0.1778846153846154 0.6442307692307693 0.040865384615384616 0.19110576923076922
0 0.2403846153846154 0.6514423076923077 0.04927884615384615 0.18028846153846154
0 0.31971153846153844 0.6129807692307693 0.016826923076923076 0.055288461538461536
0 0.3449519230769231 0.6081730769230769 0.021634615384615384 0.09975961538461539
0 0.38822115384615385 0.5913461538461539 0.03125 0.04567307692307692
0 0.4182692307692308 0.6045673076923077 0.015625 0.0673076923076923
0 0.4483173076923077 0.6225961538461539 0.020432692307692308 0.09975961538461539
0 0.4675480769230769 0.6213942307692307 0.019230769230769232 0.10096153846153846
0 0.4891826923076923 0.6201923076923077 0.020432692307692308 0.056490384615384616
0 0.5228365384615384 0.6358173076923077 0.037259615384615384 0.13221153846153846
0 0.5528846153846154 0.6033653846153846 0.025240384615384616 0.0673076923076923
0 0.6237980769230769 0.6057692307692307 0.02403846153846154 0.0889423076923077
0 0.7620192307692307 0.6790865384615384 0.028846153846153848 0.19230769230769232