0 0.4735576923076923 0.5408653846153846 0.06850961538461539 0.24639423076923078
0 0.01201923076923077 0.5204326923076923 0.02403846153846154 0.26322115384615385
0 0.09375 0.5072115384615384 0.04927884615384615 0.3112980769230769
0 0.1346153846153846 0.5132211538461539 0.04807692307692308 0.18028846153846154
0 0.24278846153846154 0.453125 0.0625 0.09615384615384616
0 0.27283653846153844 0.5120192307692307 0.018028846153846152 0.08413461538461539
0 0.3173076923076923 0.5252403846153846 0.02283653846153846 0.10336538461538461
0 0.3557692307692308 0.5264423076923077 0.03485576923076923 0.10576923076923077
0 0.5721153846153846 0.5324519230769231 0.06490384615384616 0.33052884615384615
0 0.6346153846153846 0.5264423076923077 0.05889423076923077 0.3329326923076923
0 0.6887019230769231 0.5276442307692307 0.042067307692307696 0.1466346153846154
0 0.7127403846153846 0.5240384615384616 0.028846153846153848 0.06129807692307692
0 0.7379807692307693 0.5600961538461539 0.04927884615384615 0.0733173076923077
0 0.7944711538461539 0.5588942307692307 0.04807692307692308 0.07211538461538461
0 0.8173076923076923 0.5168269230769231 0.04447115384615385 0.16826923076923078
0 0.8545673076923077 0.5264423076923077 0.038461538461538464 0.13701923076923078
0 0.8798076923076923 0.5264423076923077 0.039663461538461536 0.14182692307692307
0 0.9122596153846154 0.5276442307692307 0.02283653846153846 0.14783653846153846
0 0.9639423076923077 0.5228365384615384 0.056490384615384616 0.21754807692307693