0 0.7668269230769231 0.859375 0.10697115384615384 0.1935096153846154
0 0.4987980769230769 0.8509615384615384 0.9975961538461539 0.29447115384615385
0 0.11538461538461539 0.6514423076923077 0.056490384615384616 0.12259615384615384
0 0.17427884615384615 0.6538461538461539 0.052884615384615384 0.11899038461538461
0 0.28846153846153844 0.6105769230769231 0.037259615384615384 0.06490384615384616
0 0.296875 0.6826923076923077 0.052884615384615384 0.14302884615384615
0 0.4543269230769231 0.37740384615384615 0.10096153846153846 0.10697115384615384
0 0.4951923076923077 0.5745192307692307 0.051682692307692304 0.11177884615384616
0 0.6646634615384616 0.3858173076923077 0.1045673076923077 0.10697115384615384
0 0.6490384615384616 0.671875 0.04447115384615385 0.12740384615384615
0 0.7644230769230769 0.6586538461538461 0.06490384615384616 0.15865384615384615
0 0.8930288461538461 0.6454326923076923 0.07572115384615384 0.1346153846153846
0 0.9507211538461539 0.6322115384615384 0.04447115384615385 0.0829326923076923