0 0.8833333333333333 0.6305555555555555 0.16666666666666666 0.7333333333333333
0 0.825 0.6736111111111112 0.22083333333333333 0.6472222222222223
0 0.5947916666666667 0.8152777777777778 0.2520833333333333 0.3638888888888889
0 0.7104166666666667 0.3972222222222222 0.15416666666666667 0.28888888888888886
0 0.6885416666666667 0.7444444444444445 0.21041666666666667 0.5055555555555555
0 0.5739583333333333 0.5277777777777778 0.16458333333333333 0.25
0 0.55 0.3541666666666667 0.15833333333333333 0.275
0 0.4 0.6541666666666667 0.14166666666666666 0.6861111111111111
0 0.3416666666666667 0.3625 0.1 0.23055555555555557
0 0.24791666666666667 0.6722222222222223 0.16666666666666666 0.65
0 0.09270833333333334 0.6541666666666667 0.16458333333333333 0.6861111111111111