0 0.140625 0.11954261954261955 0.053125 0.1600831600831601
0 0.28046875 0.32432432432432434 0.0828125 0.15384615384615385
0 0.45546875 0.062370062370062374 0.0546875 0.079002079002079
0 0.46484375 0.15072765072765074 0.0640625 0.11434511434511435
0 0.46640625 0.20893970893970895 0.0421875 0.0893970893970894
0 0.44140625 0.30457380457380456 0.0390625 0.1101871101871102
0 0.48828125 0.3128898128898129 0.0515625 0.1392931392931393
0 0.57421875 0.22453222453222454 0.0453125 0.16216216216216217
0 0.5984375 0.3388773388773389 0.059375 0.15384615384615385
0 0.68515625 0.24844074844074845 0.0828125 0.14760914760914762
0 0.6546875 0.18087318087318088 0.06875 0.158004158004158
0 0.765625 0.15176715176715178 0.046875 0.12474012474012475
0 0.82890625 0.41995841995842 0.0578125 0.15384615384615385
0 0.7796875 0.5384615384615384 0.059375 0.16216216216216217
0 0.91953125 0.7515592515592515 0.0734375 0.16424116424116425
0 0.971875 0.6226611226611226 0.053125 0.14760914760914762
0 0.82890625 0.6923076923076923 0.0796875 0.16632016632016633
0 0.9625 0.5706860706860707 0.065625 0.12266112266112267
0 0.66171875 0.4698544698544699 0.0421875 0.079002079002079
0 0.65 0.5623700623700624 0.065625 0.1600831600831601
0 0.584375 0.7411642411642412 0.059375 0.16424116424116425
0 0.63828125 0.9365904365904366 0.0453125 0.12266112266112267
0 0.51328125 0.8918918918918919 0.0484375 0.1496881496881497
0 0.51875 0.5748440748440748 0.059375 0.16424116424116425
0 0.43828125 0.4501039501039501 0.0578125 0.15176715176715178
0 0.334375 0.5343035343035343 0.053125 0.16632016632016633
0 0.19765625 0.579002079002079 0.0671875 0.16424116424116425
0 0.15 0.5415800415800416 0.05625 0.17255717255717257
0 0.04921875 0.6528066528066528 0.0546875 0.1496881496881497
0 0.06640625 0.5935550935550935 0.0765625 0.15592515592515593
0 0.09296875 0.7993762993762994 0.0890625 0.1891891891891892
0 0.1890625 0.817047817047817 0.05625 0.15384615384615385
0 0.1625 0.9033264033264033 0.075 0.17255717255717257
0 0.2609375 0.9313929313929314 0.071875 0.13305613305613306