0 0.926 0.639937106918239 0.076 0.3553459119496855
0 0.843 0.6446540880503144 0.098 0.44025157232704404
0 0.892 0.4481132075471698 0.036 0.09748427672955975
0 0.862 0.44654088050314467 0.032 0.08176100628930817
0 0.796 0.47955974842767296 0.048 0.16037735849056603
0 0.729 0.6682389937106918 0.102 0.4371069182389937
0 0.658 0.5455974842767296 0.044 0.2169811320754717
0 0.623 0.6273584905660378 0.062 0.36163522012578614
0 0.545 0.6415094339622641 0.09 0.4088050314465409
0 0.502 0.610062893081761 0.068 0.39622641509433965
0 0.399 0.6116352201257862 0.086 0.3553459119496855
0 0.42 0.47641509433962265 0.024 0.0660377358490566
0 0.328 0.6116352201257862 0.06 0.3238993710691824
0 0.27 0.6257861635220126 0.108 0.37735849056603776
0 0.145 0.6509433962264151 0.098 0.4528301886792453