0 0.08238 0.26736 0.16188 0.5347466666666667
0 0.52438 0.03752 0.03114 0.06381333333333333
0 0.59772 0.05330666666666666 0.04732 0.09818666666666667
0 0.6655800000000001 0.05797333333333333 0.07354000000000001 0.11597333333333334
0 0.841 0.06666666666666667 0.034 0.128
0 0.43076 0.06952 0.020739999999999998 0.11375999999999999
0 0.45022 0.07173333333333333 0.026 0.09010666666666667
0 0.41074 0.07362666666666666 0.02072 0.07989333333333333
0 0.81596 0.082 0.03958 0.14437333333333333
0 0.37295999999999996 0.09842666666666666 0.03356 0.19408
0 0.30204000000000003 0.10104 0.09172 0.20210666666666668
0 0.23034000000000002 0.11117333333333333 0.0536 0.22232000000000002
0 0.8703 0.1212 0.03244 0.2424
0 0.92132 0.14992 0.07768000000000001 0.2998133333333334