0 0.26126126126126126 0.678 0.35435435435435436 0.636
0 0.9579579579579579 0.648 0.07807807807807808 0.412
0 0.9144144144144144 0.531 0.02702702702702703 0.058
0 0.8888888888888888 0.519 0.024024024024024024 0.046
0 0.8603603603603603 0.514 0.02702702702702703 0.028
0 0.7147147147147147 0.516 0.03003003003003003 0.056
0 0.6816816816816816 0.513 0.024024024024024024 0.054
0 0.6306306306306306 0.538 0.042042042042042045 0.104
0 0.5765765765765766 0.515 0.024024024024024024 0.042
0 0.5480480480480481 0.488 0.021021021021021023 0.028
0 0.53003003003003 0.538 0.06306306306306306 0.1
0 0.43993993993993996 0.536 0.04504504504504504 0.096
0 0.37987987987987987 0.483 0.02702702702702703 0.03
0 0.8078078078078078 0.669 0.27627627627627627 0.41