0 0.976875 0.6290018832391714 0.04375 0.3804143126177024
0 0.835625 0.628060263653484 0.11375 0.4576271186440678
0 0.9125 0.507532956685499 0.0525 0.160075329566855
0 0.795 0.6111111111111112 0.0575 0.352165725047081
0 0.7675 0.5499058380414312 0.0625 0.3352165725047081
0 0.71 0.6045197740112994 0.0925 0.3427495291902072
0 0.710625 0.4623352165725047 0.04625 0.1224105461393597
0 0.626875 0.507532956685499 0.04875 0.1713747645951036
0 0.584375 0.4971751412429379 0.04625 0.2184557438794727
0 0.5375 0.5037664783427496 0.04 0.20527306967984935
0 0.560625 0.504708097928437 0.02875 0.18455743879472694
0 0.49875 0.4952919020715631 0.045 0.2033898305084746
0 0.465 0.4990583804143126 0.04 0.192090395480226
0 0.43125 0.4952919020715631 0.035 0.1958568738229755
0 0.643125 0.4849340866290019 0.02625 0.11487758945386065