0 0.808 0.528 0.084 0.208
0 0.758 0.4693333333333333 0.084 0.18133333333333335
0 0.516 0.544 0.108 0.2613333333333333
0 0.374 0.5626666666666666 0.136 0.2613333333333333
0 0.137 0.30533333333333335 0.066 0.17866666666666667
0 0.227 0.376 0.054 0.09066666666666667
0 0.28 0.37066666666666664 0.048 0.10133333333333333
0 0.444 0.42 0.06 0.12
0 0.7 0.428 0.028 0.15733333333333333
0 0.671 0.44 0.038 0.10666666666666667
0 0.899 0.428 0.038 0.104
0 0.971 0.44133333333333336 0.026 0.09333333333333334
0 0.945 0.44 0.026 0.10666666666666667