0 0.07549019607843137 0.7098039215686275 0.06666666666666667 0.14640522875816994
0 0.033823529411764704 0.6836601307189543 0.022549019607843137 0.06274509803921569
0 0.25980392156862747 0.7163398692810458 0.054901960784313725 0.11764705882352941
0 0.4514705882352941 0.6862745098039216 0.018627450980392157 0.06797385620915032
0 0.5637254901960784 0.6725490196078432 0.0196078431372549 0.030065359477124184
0 0.6274509803921569 0.6830065359477124 0.01764705882352941 0.048366013071895426
0 0.6583333333333333 0.6888888888888889 0.030392156862745098 0.05228758169934641
0 0.6450980392156863 0.6862745098039216 0.01764705882352941 0.04967320261437908
0 0.4666666666666667 0.6836601307189543 0.01568627450980392 0.054901960784313725
0 0.5348039215686274 0.6692810457516339 0.022549019607843137 0.0392156862745098
0 0.596078431372549 0.677124183006536 0.0196078431372549 0.023529411764705882
0 0.4308823529411765 0.6823529411764706 0.010784313725490196 0.05751633986928104
0 0.4181372549019608 0.6797385620915033 0.016666666666666666 0.054901960784313725
0 0.4 0.6751633986928105 0.013725490196078431 0.0457516339869281