0 0.8715 0.4886666666666667 0.041 0.14533333333333334
0 0.8185 0.472 0.031 0.09866666666666667
0 0.7275 0.534 0.085 0.31333333333333335
0 0.5755 0.5286666666666666 0.091 0.30533333333333335
0 0.6695 0.49466666666666664 0.051 0.18933333333333333
0 0.398 0.5833333333333334 0.116 0.44133333333333336
0 0.2595 0.5653333333333334 0.141 0.432
0 0.33 0.5066666666666667 0.062 0.27466666666666667
0 0.4465 0.4713333333333333 0.033 0.156
0 0.5025 0.486 0.061 0.21466666666666667
0 0.1665 0.448 0.031 0.09333333333333334