0 0.38243333333333335 0.60645 0.019744444444444443 0.04543333333333333
0 0.4491333333333334 0.6122666666666667 0.012388888888888889 0.0634
0 0.46549999999999997 0.6155333333333334 0.021055555555555553 0.08383333333333333
0 0.015133333333333332 0.6174333333333333 0.02588888888888889 0.10679999999999999
0 0.205 0.625 0.03666666666666667 0.14666666666666667
0 0.2922222222222222 0.6266666666666667 0.051111111111111114 0.13
0 0.22833333333333333 0.6283333333333333 0.027777777777777776 0.12
0 0.5512333333333334 0.6564166666666668 0.022155555555555557 0.13226666666666667
0 0.9622222222222222 0.66 0.05333333333333334 0.12333333333333334
0 0.43944444444444447 0.6933333333333334 0.058888888888888886 0.19666666666666666
0 0.5677777777777778 0.71 0.08222222222222222 0.28
0 0.7944444444444444 0.7266666666666667 0.07555555555555556 0.31333333333333335
0 0.8722222222222222 0.7325 0.04888888888888889 0.2816666666666667
0 0.7266666666666667 0.7925 0.08666666666666667 0.4116666666666667