0 0.244 0.316 0.12 0.216
0 0.344 0.3453333333333333 0.108 0.17333333333333334
0 0.418 0.34933333333333333 0.092 0.176
0 0.528 0.39066666666666666 0.128 0.2853333333333333
0 0.647 0.4266666666666667 0.118 0.24533333333333332
0 0.725 0.3626666666666667 0.106 0.16
0 0.807 0.4493333333333333 0.142 0.344
0 0.107 0.5453333333333333 0.138 0.5626666666666666
0 0.225 0.44 0.102 0.21333333333333335
0 0.266 0.5773333333333334 0.136 0.27466666666666667
0 0.393 0.5386666666666666 0.094 0.22933333333333333
0 0.482 0.5333333333333333 0.12 0.22933333333333333
0 0.596 0.5533333333333333 0.112 0.22666666666666666
0 0.692 0.5626666666666666 0.132 0.26666666666666666