0 0.8766666666666667 0.7465373961218836 0.22333333333333333 0.5013850415512465
0 0.7375 0.7063711911357341 0.27166666666666667 0.554016620498615
0 0.6408333333333334 0.6523545706371191 0.225 0.5346260387811634
0 0.43166666666666664 0.7382271468144044 0.11666666666666667 0.518005540166205
0 0.30916666666666665 0.7008310249307479 0.145 0.592797783933518
0 0.17166666666666666 0.7451523545706371 0.12333333333333334 0.5041551246537396
0 0.13416666666666666 0.667590027700831 0.095 0.481994459833795
0 0.505 0.46537396121883656 0.08 0.3047091412742382
0 0.6508333333333334 0.37950138504155123 0.03833333333333333 0.11080332409972299
0 0.42333333333333334 0.46121883656509693 0.06 0.1523545706371191
0 0.38416666666666666 0.45290858725761773 0.065 0.1634349030470914