0 0.55875 0.1205607476635514 0.0725 0.14392523364485982
0 0.6375 0.14579439252336449 0.095 0.1308411214953271
0 0.74 0.07476635514018691 0.08 0.09719626168224299
0 0.75625 0.15327102803738318 0.0825 0.10093457943925234
0 0.975 0.22429906542056074 0.045 0.08971962616822429
0 0.89375 0.25327102803738316 0.0825 0.12897196261682242
0 0.86375 0.19532710280373833 0.0725 0.08411214953271028
0 0.805 0.23925233644859814 0.07 0.1308411214953271
0 0.7525 0.25327102803738316 0.09 0.12897196261682242
0 0.68875 0.23457943925233646 0.0675 0.1252336448598131
0 0.61625 0.2794392523364486 0.0875 0.1252336448598131
0 0.5125 0.2626168224299065 0.08 0.12897196261682242
0 0.75375 0.5654205607476636 0.0875 0.10654205607476636
0 0.58125 0.5757009345794393 0.0875 0.1308411214953271
0 0.5125 0.5560747663551402 0.08 0.15140186915887852
0 0.455 0.5467289719626168 0.08 0.12149532710280374
0 0.3975 0.5261682242990654 0.05 0.05046728971962617
0 0.3825 0.5887850467289719 0.095 0.1308411214953271
0 0.31625 0.5635514018691589 0.0825 0.13644859813084112
0 0.27625 0.5897196261682243 0.0825 0.12149532710280374
0 0.2775 0.505607476635514 0.06 0.0616822429906542
0 0.20375 0.5532710280373832 0.0775 0.1308411214953271
0 0.16 0.5953271028037384 0.08 0.11401869158878504
0 0.08375 0.5644859813084112 0.0875 0.1308411214953271
0 0.0675 0.7859813084112149 0.08 0.1252336448598131
0 0.13 0.7813084112149533 0.07 0.1308411214953271
0 0.2125 0.7850467289719626 0.085 0.13457943925233645
0 0.29875 0.7682242990654206 0.1025 0.1233644859813084
0 0.42125 0.7570093457943925 0.0925 0.1233644859813084