0 0.06481481481481481 0.5253086419753087 0.046296296296296294 0.13703703703703704
0 0.016666666666666666 0.4783950617283951 0.027777777777777776 0.07530864197530865
0 0.22037037037037038 0.5475308641975308 0.05555555555555555 0.1765432098765432
0 0.2962962962962963 0.5037037037037037 0.022222222222222223 0.08641975308641975
0 0.36898148148148147 0.5493827160493827 0.05462962962962963 0.15555555555555556
0 0.49444444444444446 0.5623456790123457 0.05 0.15185185185185185
0 0.5222222222222223 0.5641975308641975 0.03333333333333333 0.14074074074074075
0 0.6060185185185185 0.5753086419753086 0.03796296296296296 0.15555555555555556
0 0.6310185185185185 0.5271604938271605 0.017592592592592594 0.0691358024691358
0 0.5583333333333333 0.5080246913580246 0.012962962962962963 0.03333333333333333
0 0.3439814814814815 0.5037037037037037 0.021296296296296296 0.044444444444444446